"Date","Price","Open","High","Low","Vol.","Change %"
"Dec 31, 2019","1,550.60","1,546.70","1,555.00","1,546.40","0.67K","0.34%"
"Dec 30, 2019","1,545.40","1,543.90","1,545.50","1,540.10","0.46K","0.06%"
"Dec 27, 2019","1,544.40","1,540.70","1,545.00","1,540.00","0.29K","0.27%"
"Dec 26, 2019","1,540.30","1,528.90","1,543.00","1,528.40","1.02K","2.41%"
"Dec 25, 2019","1,504.05","1,504.40","1,504.40","1,502.15","-","-1.73%"
"Dec 24, 2019","1,530.50","1,518.60","1,530.10","1,518.60","0.45K","1.06%"
"Dec 23, 2019","1,514.40","1,510.70","1,514.90","1,510.70","0.39K","0.53%"
"Dec 20, 2019","1,506.40","1,508.10","1,510.00","1,505.20","0.44K","-0.24%"
"Dec 19, 2019","1,510.00","1,505.40","1,510.40","1,503.50","0.57K","0.38%"
"Dec 18, 2019","1,504.30","1,506.40","1,508.50","1,501.70","1.56K","-0.17%"
"Dec 17, 2019","1,506.80","1,505.80","1,510.00","1,505.00","0.21K","0.01%"
"Dec 16, 2019","1,506.70","1,505.40","1,509.40","1,503.90","0.42K","-0.01%"
"Dec 13, 2019","1,506.90","1,493.00","1,507.90","1,493.00","0.47K","0.63%"
"Dec 12, 2019","1,497.50","1,511.20","1,514.00","1,494.10","0.17K","-0.17%"
"Dec 11, 2019","1,500.10","1,500.00","1,507.00","1,497.50","0.14K","0.46%"
"Dec 10, 2019","1,493.20","1,490.60","1,496.00","1,489.70","0.14K","0.23%"
"Dec 09, 2019","1,489.80","1,493.20","1,493.20","1,489.40","0.30K","-0.01%"
"Dec 06, 2019","1,489.90","1,503.00","1,506.00","1,488.00","0.44K","-1.17%"
"Dec 05, 2019","1,507.50","1,505.00","1,508.00","1,503.00","0.23K","0.20%"
"Dec 04, 2019","1,504.50","1,509.10","1,513.50","1,502.50","0.46K","-0.27%"
"Dec 03, 2019","1,508.60","1,491.10","1,510.30","1,491.10","0.45K","1.04%"
"Dec 02, 2019","1,493.10","1,494.00","1,495.30","1,485.00","0.17K","-0.23%"
"Nov 29, 2019","1,496.60","1,488.00","1,495.40","1,484.20","0.19K","2.35%"
"Nov 28, 2019","1,462.25","1,463.25","1,464.55","1,460.75","-","-1.49%"
"Nov 27, 2019","1,484.40","1,489.20","1,490.20","1,483.90","0.22K","-0.44%"
"Nov 26, 2019","1,491.00","1,484.30","1,492.00","1,481.00","0.31K","0.19%"
"Nov 25, 2019","1,488.10","1,490.90","1,492.00","1,485.20","0.94K","-0.42%"
"Nov 22, 2019","1,494.40","1,497.70","1,502.30","1,492.00","0.70K","0.03%"
"Nov 21, 2019","1,494.00","1,505.50","1,505.70","1,494.00","0.49K","-0.70%"
"Nov 20, 2019","1,504.50","1,505.50","1,509.20","1,498.00","0.69K","-0.02%"
"Nov 19, 2019","1,504.80","1,501.30","1,506.10","1,497.00","1.03K","0.16%"
"Nov 18, 2019","1,502.40","1,498.40","1,502.80","1,488.80","0.82K","0.22%"
"Nov 15, 2019","1,499.10","1,496.30","1,499.90","1,495.90","0.07K","-0.33%"
"Nov 14, 2019","1,504.00","1,495.10","1,504.70","1,494.80","0.84K","0.68%"
"Nov 13, 2019","1,493.90","1,489.90","1,498.10","1,489.90","0.74K","0.65%"
"Nov 12, 2019","1,484.20","1,487.80","1,488.50","1,480.00","0.93K","-0.26%"
"Nov 11, 2019","1,488.00","1,494.00","1,494.00","1,480.10","0.73K","-0.55%"
"Nov 08, 2019","1,496.30","1,500.50","1,503.00","1,488.80","0.35K","-0.09%"
"Nov 07, 2019","1,497.70","1,520.10","1,520.10","1,495.10","1.32K","-1.72%"
"Nov 06, 2019","1,523.90","1,516.70","1,525.40","1,516.10","0.69K","0.62%"
"Nov 05, 2019","1,514.50","1,535.00","1,535.00","1,513.00","1.77K","-1.76%"
"Nov 04, 2019","1,541.60","1,544.80","1,544.80","1,541.00","0.83K","0.02%"
"Nov 01, 2019","1,541.30","1,542.10","1,545.00","1,538.00","0.20K","-0.17%"
"Oct 31, 2019","1,544.00","1,527.00","1,545.00","1,527.00","0.17K","1.15%"
"Oct 30, 2019","1,526.50","1,520.80","1,526.50","1,513.20","1.90K","0.39%"
"Oct 29, 2019","1,520.60","1,524.20","1,524.20","1,515.50","0.22K","-0.34%"
"Oct 28, 2019","1,525.80","1,535.70","1,536.20","1,523.50","0.16K","-0.61%"
"Oct 25, 2019","1,535.10","1,537.50","1,549.90","1,535.00","0.07K","0.08%"
"Oct 24, 2019","1,533.90","1,524.30","1,534.70","1,522.00","0.28K","0.59%"
"Oct 23, 2019","1,524.90","1,522.00","1,526.10","1,522.00","0.03K","0.55%"
"Oct 22, 2019","1,516.60","1,517.30","1,519.00","1,515.00","0.01K","-0.05%"
"Oct 21, 2019","1,517.30","1,524.90","1,524.90","1,515.00","0.11K","-0.37%"
"Oct 18, 2019","1,523.00","1,526.10","1,526.10","1,519.50","0.16K","-0.31%"
"Oct 17, 2019","1,527.80","1,519.90","1,527.60","1,519.90","0.21K","0.29%"
"Oct 16, 2019","1,523.40","1,515.50","1,522.20","1,510.00","0.20K","0.68%"
"Oct 15, 2019","1,513.10","1,522.90","1,524.50","1,513.00","0.23K","-0.92%"
"Oct 14, 2019","1,527.10","1,529.00","1,530.00","1,524.40","0.03K","0.61%"
"Oct 11, 2019","1,517.80","1,533.70","1,534.60","1,508.00","1.04K","-0.78%"
"Oct 10, 2019","1,529.70","1,548.00","1,548.00","1,526.00","0.13K","-0.74%"
"Oct 09, 2019","1,541.10","1,539.70","1,543.00","1,535.00","0.43K","0.60%"
"Oct 08, 2019","1,531.90","1,524.20","1,540.00","1,522.60","0.43K","-0.04%"
"Oct 07, 2019","1,532.50","1,538.90","1,538.90","1,522.20","0.16K","-0.53%"
"Oct 04, 2019","1,540.70","1,541.30","1,541.30","1,530.20","0.07K","-0.04%"
"Oct 03, 2019","1,541.30","1,536.80","1,551.80","1,535.20","0.45K","0.29%"
"Oct 02, 2019","1,536.80","1,512.80","1,536.30","1,509.90","0.34K","1.24%"
"Oct 01, 2019","1,518.00","1,502.60","1,520.00","1,499.00","0.22K","1.05%"
"Sep 30, 2019","1,502.30","1,533.00","1,533.00","1,500.10","0.51K","-2.20%"
"Sep 27, 2019","1,536.10","1,538.30","1,538.30","1,525.70","0.17K","-0.58%"
"Sep 26, 2019","1,545.00","1,538.90","1,547.00","1,538.00","0.25K","0.19%"
"Sep 25, 2019","1,542.00","1,572.00","1,572.00","1,539.10","0.25K","-1.79%"
"Sep 24, 2019","1,570.10","1,560.10","1,573.00","1,554.90","0.51K","0.54%"
"Sep 23, 2019","1,561.60","1,556.60","1,562.50","1,556.60","0.02K","1.05%"
"Sep 20, 2019","1,545.30","1,537.80","1,553.50","1,537.80","0.10K","0.58%"
"Sep 19, 2019","1,536.40","1,528.80","1,540.40","1,528.80","0.16K","-0.63%"
"Sep 18, 2019","1,546.10","1,538.90","1,549.00","1,530.40","0.50K","0.13%"
"Sep 17, 2019","1,544.10","1,538.80","1,542.30","1,538.80","0.01K","0.12%"
"Sep 16, 2019","1,542.30","1,542.60","1,546.50","1,536.40","0.69K","0.76%"
"Sep 13, 2019","1,530.70","1,543.40","1,543.40","1,525.60","0.18K","-0.46%"
"Sep 12, 2019","1,537.80","1,530.40","1,558.60","1,530.40","0.41K","0.35%"
"Sep 11, 2019","1,532.40","1,528.80","1,534.40","1,528.80","0.04K","0.28%"
"Sep 10, 2019","1,528.10","1,531.90","1,532.60","1,524.90","0.16K","-0.75%"
"Sep 09, 2019","1,539.60","1,540.10","1,546.60","1,534.10","0.24K","-0.24%"
"Sep 06, 2019","1,543.30","1,551.00","1,559.90","1,539.20","0.06K","-0.62%"
"Sep 05, 2019","1,552.90","1,579.50","1,584.10","1,544.90","0.10K","-2.17%"
"Sep 04, 2019","1,587.40","1,582.70","1,590.70","1,572.00","0.34K","0.27%"
"Sep 03, 2019","1,583.20","1,562.80","1,583.90","1,561.20","0.24K","3.13%"
"Sep 02, 2019","1,535.15","1,537.95","1,540.05","1,528.15","-","-0.19%"
"Sep 01, 2019","1,538.05","1,535.25","1,542.90","1,535.25","-","-1.23%"
"Aug 30, 2019","1,557.20","1,564.10","1,566.90","1,555.00","0.45K","-0.43%"
"Aug 29, 2019","1,564.00","1,571.90","1,578.80","1,562.00","0.25K","-0.72%"
"Aug 28, 2019","1,575.30","1,572.30","1,578.00","1,571.60","0.24K","-0.17%"
"Aug 27, 2019","1,578.00","1,566.20","1,579.30","1,564.60","0.17K","0.95%"
"Aug 26, 2019","1,563.10","1,584.50","1,584.50","1,563.20","0.07K","-0.03%"
"Aug 23, 2019","1,563.50","1,539.00","1,563.50","1,537.30","0.26K","1.90%"
"Aug 22, 2019","1,534.40","1,534.30","1,538.80","1,530.50","0.25K","-0.46%"
"Aug 21, 2019","1,541.50","1,532.70","1,540.60","1,532.70","0.56K","0.01%"
"Aug 20, 2019","1,541.30","1,530.20","1,540.70","1,530.20","0.17K","0.27%"
"Aug 19, 2019","1,537.20","1,543.90","1,543.90","1,531.00","0.35K","-0.77%"
"Aug 16, 2019","1,549.20","1,557.40","1,557.70","1,541.30","0.16K","-0.48%"
"Aug 15, 2019","1,556.70","1,553.00","1,561.20","1,546.00","0.29K","0.17%"
"Aug 14, 2019","1,554.00","1,538.50","1,553.10","1,532.60","0.24K","0.86%"
"Aug 13, 2019","1,540.70","1,556.20","1,571.70","1,523.10","0.07K","-0.15%"
"Aug 12, 2019","1,543.00","1,536.00","1,550.10","1,526.40","0.16K","0.55%"
"Aug 09, 2019","1,534.50","1,542.80","1,543.80","1,535.00","0.09K","-0.03%"
"Aug 08, 2019","1,535.00","1,533.00","1,542.10","1,532.60","0.06K","-0.62%"
"Aug 07, 2019","1,544.60","1,510.60","1,547.70","1,510.60","0.11K","2.31%"
"Aug 06, 2019","1,509.70","1,507.20","1,511.10","1,498.60","0.14K","0.47%"
"Aug 05, 2019","1,502.60","1,487.40","1,505.00","1,487.40","0.07K","1.16%"
"Aug 02, 2019","1,485.30","1,476.20","1,476.20","1,476.20","0.08K","1.63%"
"Aug 01, 2019","1,461.50","1,450.80","1,485.60","1,443.30","0.15K","-0.33%"
"Jul 31, 2019","1,466.30","1,460.50","1,469.60","1,452.90","0.13K","-0.27%"
"Jul 30, 2019","1,470.30","1,469.00","1,472.40","1,469.00","0.02K","0.59%"
"Jul 29, 2019","1,461.70","1,461.70","1,461.70","1,461.70","1.05K","0.09%"
"Jul 26, 2019","1,460.40","1,460.40","1,460.40","1,460.40","0.56K","0.41%"
"Jul 25, 2019","1,454.40","1,465.10","1,468.00","1,456.10","0.81K","-0.58%"
"Jul 24, 2019","1,462.90","1,467.20","1,467.20","1,467.20","0.04K","0.14%"
"Jul 23, 2019","1,460.80","1,458.60","1,459.60","1,458.60","0.25K","-0.35%"
"Jul 22, 2019","1,466.00","1,466.00","1,466.00","1,466.00","0.61K","0.03%"
"Jul 19, 2019","1,465.50","1,483.30","1,487.40","1,461.50","0.02K","-0.12%"
"Jul 18, 2019","1,467.20","1,464.40","1,488.50","1,459.40","0.02K","0.32%"
"Jul 17, 2019","1,462.50","1,455.00","1,467.30","1,455.00","0.02K","0.85%"
"Jul 16, 2019","1,450.20","1,453.40","1,453.40","1,453.40","0.02K","-0.14%"
"Jul 15, 2019","1,452.30","1,452.30","1,452.30","1,452.30","0.99K","0.10%"
"Jul 12, 2019","1,450.90","1,450.90","1,450.90","1,450.90","0.05K","0.39%"
"Jul 11, 2019","1,445.30","1,461.40","1,467.20","1,461.40","0.01K","-0.36%"
"Jul 10, 2019","1,450.50","1,450.50","1,450.50","1,450.50","0.07K","0.85%"
"Jul 09, 2019","1,438.30","1,430.60","1,430.80","1,430.60","0.02K","0.07%"
"Jul 08, 2019","1,437.30","1,436.90","1,436.90","1,436.90","0.05K","0.05%"
"Jul 05, 2019","1,436.60","1,428.00","1,433.00","1,428.00","0.02K","0.92%"
"Jul 04, 2019","1,423.55","1,421.25","1,426.65","1,412.85","-","-2.23%"
"Jul 03, 2019","1,456.00","1,465.50","1,465.50","1,461.90","0.00K","0.91%"
"Jul 02, 2019","1,442.80","1,428.60","1,428.60","1,428.60","0.07K","1.35%"
"Jul 01, 2019","1,423.60","1,444.00","1,444.00","1,424.40","0.01K","-1.60%"
"Jun 28, 2019","1,446.80","1,451.00","1,451.00","1,445.70","0.06K","0.16%"
"Jun 27, 2019","1,444.50","1,444.50","1,444.50","1,444.50","0.06K","-0.23%"
"Jun 26, 2019","1,447.80","1,441.90","1,445.40","1,440.50","0.04K","-0.24%"
"Jun 25, 2019","1,451.30","1,461.30","1,473.90","1,448.70","0.09K","0.03%"
"Jun 24, 2019","1,450.90","1,439.10","1,449.60","1,439.00","0.01K","1.27%"
"Jun 21, 2019","1,432.70","1,444.00","1,444.00","1,419.60","0.02K","0.23%"
"Jun 20, 2019","1,429.40","1,419.10","1,428.70","1,417.40","0.41K","3.25%"
"Jun 19, 2019","1,384.40","1,382.10","1,382.10","1,382.10","0.09K","-0.22%"
"Jun 18, 2019","1,387.40","1,379.70","1,394.50","1,379.70","0.18K","0.57%"
"Jun 17, 2019","1,379.60","1,379.70","1,384.20","1,379.70","0.02K","-0.14%"
"Jun 14, 2019","1,381.50","1,389.20","1,389.20","1,379.80","0.04K","0.06%"
"Jun 13, 2019","1,380.70","1,378.30","1,378.70","1,378.30","0.00K","0.50%"
"Jun 12, 2019","1,373.80","1,373.80","1,373.80","1,373.80","0.01K","0.35%"
"Jun 11, 2019","1,369.00","1,369.00","1,369.00","1,369.00","1.01K","0.15%"
"Jun 10, 2019","1,366.90","1,378.00","1,378.00","1,367.00","0.01K","-1.09%"
"Jun 07, 2019","1,381.90","1,388.50","1,388.50","1,382.40","0.05K","0.25%"
"Jun 06, 2019","1,378.50","1,370.00","1,370.00","1,370.00","0.09K","0.61%"
"Jun 05, 2019","1,370.20","1,376.60","1,376.60","1,368.80","0.16K","0.27%"
"Jun 04, 2019","1,366.50","1,366.50","1,366.50","1,366.50","0.03K","0.09%"
"Jun 03, 2019","1,365.30","1,356.50","1,356.50","1,356.50","0.07K","1.16%"
"May 31, 2019","1,349.60","1,342.90","1,347.80","1,342.90","0.22K","1.25%"
"May 30, 2019","1,332.90","1,332.40","1,332.40","1,332.40","0.33K","0.48%"
"May 29, 2019","1,326.50","1,327.80","1,327.80","1,327.80","0.00K","0.24%"
"May 28, 2019","1,323.30","1,322.60","1,322.60","1,322.60","0.12K","2.98%"
"May 27, 2019","1,284.95","1,284.25","1,286.85","1,283.25","-","0.06%"
"May 26, 2019","1,284.15","1,284.20","1,285.15","1,283.65","-","-3.45%"
"May 24, 2019","1,330.10","1,329.20","1,329.20","1,329.20","0.00K","-0.13%"
"May 23, 2019","1,331.80","1,328.40","1,328.40","1,328.40","0.00K","0.79%"
"May 22, 2019","1,321.30","1,321.30","1,321.30","1,321.30","0.02K","0.09%"
"May 21, 2019","1,320.10","1,320.10","1,320.10","1,320.10","0.10K","-0.31%"
"May 20, 2019","1,324.20","1,324.20","1,324.20","1,324.20","0.08K","0.13%"
"May 17, 2019","1,322.50","1,322.50","1,322.50","1,322.50","0.21K","-0.80%"
"May 16, 2019","1,333.10","1,333.10","1,333.10","1,333.10","0.11K","-0.85%"
"May 15, 2019","1,344.50","1,344.50","1,344.50","1,344.50","0.06K","0.08%"
"May 14, 2019","1,343.40","1,343.40","1,343.40","1,343.40","0.20K","-0.50%"
"May 13, 2019","1,350.20","1,350.20","1,350.20","1,350.20","0.12K","0.97%"
"May 10, 2019","1,337.20","1,337.20","1,337.20","1,337.20","0.05K","0.16%"
"May 09, 2019","1,335.10","1,335.10","1,335.10","1,335.10","0.04K","0.28%"
"May 08, 2019","1,331.40","1,338.00","1,338.00","1,338.00","0.05K","-0.33%"
"May 07, 2019","1,335.80","1,335.80","1,335.80","1,335.80","0.12K","0.13%"
"May 06, 2019","1,334.00","1,334.00","1,334.00","1,334.00","0.01K","0.17%"
"May 03, 2019","1,331.70","1,331.70","1,331.70","1,331.70","0.02K","0.72%"
"May 02, 2019","1,322.20","1,323.00","1,323.00","1,323.00","0.00K","-0.90%"
"May 01, 2019","1,334.20","1,334.20","1,334.20","1,334.20","0.26K","-0.11%"
"Apr 30, 2019","1,335.70","1,335.70","1,335.70","1,335.70","0.21K","0.31%"
"Apr 29, 2019","1,331.60","1,331.60","1,331.60","1,331.60","0.14K","-0.57%"
"Apr 26, 2019","1,339.20","1,339.20","1,339.20","1,339.20","0.38K","0.68%"
"Apr 25, 2019","1,330.20","1,330.20","1,330.20","1,330.20","0.00K","0.02%"
"Apr 24, 2019","1,329.90","1,329.90","1,329.90","1,329.90","0.15K","0.46%"
"Apr 23, 2019","1,323.80","1,323.80","1,323.80","1,323.80","0.01K","-0.35%"
"Apr 22, 2019","1,328.50","1,328.50","1,328.50","1,328.50","0.00K","3.96%"
"Apr 19, 2019","1,277.90","1,277.90","1,277.90","1,277.90","-","-3.69%"
"Apr 18, 2019","1,326.90","1,326.90","1,326.90","1,326.90","0.08K","-0.05%"
"Apr 17, 2019","1,327.60","1,327.60","1,327.60","1,327.60","0.06K","-0.04%"
"Apr 16, 2019","1,328.10","1,329.10","1,329.10","1,329.00","0.05K","-1.07%"
"Apr 15, 2019","1,342.40","1,342.40","1,342.40","1,342.40","0.02K","-0.29%"
"Apr 12, 2019","1,346.30","1,346.30","1,346.30","1,346.30","0.23K","0.22%"
"Apr 11, 2019","1,343.40","1,356.60","1,356.60","1,356.60","0.00K","-1.50%"
"Apr 10, 2019","1,363.90","1,363.90","1,363.90","1,363.90","0.08K","0.40%"
"Apr 09, 2019","1,358.40","1,358.40","1,358.40","1,358.40","0.00K","0.48%"
"Apr 08, 2019","1,351.90","1,351.90","1,351.90","1,351.90","0.00K","0.50%"
"Apr 05, 2019","1,345.20","1,345.20","1,345.20","1,345.20","0.05K","0.13%"
"Apr 04, 2019","1,343.50","1,343.50","1,343.50","1,343.50","0.04K","-0.04%"
"Apr 03, 2019","1,344.00","1,344.00","1,344.00","1,344.00","0.05K","0.01%"
"Apr 02, 2019","1,343.90","1,340.80","1,343.20","1,340.80","0.00K","0.09%"
"Apr 01, 2019","1,342.70","1,342.70","1,342.70","1,342.70","0.03K","-0.25%"
"Mar 29, 2019","1,346.00","1,354.10","1,354.10","1,354.10","0.00K","0.27%"
"Mar 28, 2019","1,342.40","1,348.00","1,348.00","1,342.20","0.01K","-1.57%"
"Mar 27, 2019","1,363.80","1,363.80","1,363.80","1,363.80","0.04K","-0.40%"
"Mar 26, 2019","1,369.30","1,369.30","1,369.30","1,369.30","0.01K","-0.64%"
"Mar 25, 2019","1,378.10","1,378.10","1,378.10","1,378.10","0.10K","0.64%"
"Mar 22, 2019","1,369.30","1,368.20","1,368.20","1,368.20","0.03K","0.35%"
"Mar 21, 2019","1,364.50","1,364.50","1,364.50","1,364.50","0.12K","0.37%"
"Mar 20, 2019","1,359.50","1,359.50","1,359.50","1,359.50","0.02K","-0.38%"
"Mar 19, 2019","1,364.70","1,364.70","1,364.70","1,364.70","0.00K","0.39%"
"Mar 18, 2019","1,359.40","1,359.40","1,359.40","1,359.40","0.01K","-0.09%"
"Mar 15, 2019","1,360.60","1,360.60","1,360.60","1,360.60","0.01K","0.57%"
"Mar 14, 2019","1,352.90","1,352.90","1,352.90","1,352.90","0.23K","-1.11%"
"Mar 13, 2019","1,368.10","1,368.10","1,368.10","1,368.10","0.02K","0.85%"
"Mar 12, 2019","1,356.60","1,356.60","1,356.60","1,356.60","0.08K","0.49%"
"Mar 11, 2019","1,350.00","1,350.00","1,350.00","1,350.00","0.00K","-0.63%"
"Mar 08, 2019","1,358.50","1,358.50","1,358.50","1,358.50","0.00K","1.01%"
"Mar 07, 2019","1,344.90","1,344.90","1,344.90","1,344.90","0.04K","-0.12%"
"Mar 06, 2019","1,346.50","1,346.50","1,346.50","1,346.50","0.00K","0.22%"
"Mar 05, 2019","1,343.50","1,343.50","1,343.50","1,343.50","0.00K","-0.21%"
"Mar 04, 2019","1,346.30","1,346.30","1,346.30","1,346.30","0.02K","-0.88%"
"Mar 01, 2019","1,358.30","1,358.30","1,358.30","1,358.30","0.13K","-1.24%"
"Feb 28, 2019","1,375.30","1,374.00","1,374.00","1,374.00","0.01K","-0.38%"
"Feb 27, 2019","1,380.50","1,380.50","1,380.50","1,380.50","0.00K","-0.53%"
"Feb 26, 2019","1,387.90","1,387.90","1,387.90","1,387.90","0.00K","-0.08%"
"Feb 25, 2019","1,389.00","1,389.00","1,389.00","1,389.00","0.00K","-0.25%"
"Feb 22, 2019","1,392.50","1,392.50","1,392.50","1,392.50","0.02K","0.38%"
"Feb 21, 2019","1,387.20","1,388.00","1,388.00","1,388.00","0.03K","-1.39%"
"Feb 20, 2019","1,406.70","1,406.70","1,406.70","1,406.70","0.15K","0.20%"
"Feb 19, 2019","1,403.90","1,403.90","1,403.90","1,403.90","0.04K","5.59%"
"Feb 18, 2019","1,329.55","1,324.35","1,330.75","1,324.05","-","0.40%"
"Feb 17, 2019","1,324.25","1,324.65","1,324.95","1,323.85","-","-4.12%"
"Feb 15, 2019","1,381.20","1,381.20","1,381.20","1,381.20","0.03K","0.58%"
"Feb 14, 2019","1,373.20","1,373.20","1,373.20","1,373.20","0.07K","-0.10%"
"Feb 13, 2019","1,374.60","1,374.60","1,374.60","1,374.60","0.05K","0.10%"
"Feb 12, 2019","1,373.20","1,373.20","1,373.20","1,373.20","0.00K","0.15%"
"Feb 11, 2019","1,371.20","1,371.20","1,371.20","1,371.20","0.03K","-0.48%"
"Feb 08, 2019","1,377.80","1,377.80","1,377.80","1,377.80","0.05K","0.31%"
"Feb 07, 2019","1,373.60","1,373.60","1,373.60","1,373.60","0.00K","-0.01%"
"Feb 06, 2019","1,373.80","1,373.80","1,373.80","1,373.80","0.00K","-0.35%"
"Feb 05, 2019","1,378.60","1,378.60","1,378.60","1,378.60","0.04K","0.02%"
"Feb 04, 2019","1,378.30","1,378.30","1,378.30","1,378.30","0.00K","-0.20%"
"Feb 01, 2019","1,381.10","1,382.60","1,382.60","1,382.60","0.01K","-0.21%"
"Jan 31, 2019","1,384.00","1,384.00","1,384.00","1,384.00","0.08K","0.59%"
"Jan 30, 2019","1,375.90","1,377.60","1,377.60","1,377.60","0.06K","0.02%"
"Jan 29, 2019","1,375.60","1,375.60","1,375.60","1,375.60","0.20K","0.42%"
"Jan 28, 2019","1,369.80","1,369.80","1,369.80","1,369.80","0.00K","0.43%"
"Jan 25, 2019","1,364.00","1,360.00","1,360.00","1,360.00","0.01K","1.42%"
"Jan 24, 2019","1,344.90","1,344.90","1,344.90","1,344.90","0.05K","-0.33%"
"Jan 23, 2019","1,349.30","1,349.30","1,349.30","1,349.30","0.02K","0.07%"
"Jan 22, 2019","1,348.40","1,348.40","1,348.40","1,348.40","0.15K","5.42%"
"Jan 21, 2019","1,279.05","1,281.95","1,282.95","1,276.15","-","-0.23%"
"Jan 20, 2019","1,282.05","1,281.30","1,282.70","1,280.50","-","-4.90%"
"Jan 18, 2019","1,348.10","1,348.10","1,348.10","1,348.10","0.00K","-0.72%"
"Jan 17, 2019","1,357.90","1,357.90","1,357.90","1,357.90","0.03K","-0.10%"
"Jan 16, 2019","1,359.30","1,359.30","1,359.30","1,359.30","0.00K","0.41%"
"Jan 15, 2019","1,353.70","1,353.70","1,353.70","1,353.70","0.01K","-0.26%"
"Jan 14, 2019","1,357.20","1,357.20","1,357.20","1,357.20","0.40K","0.13%"
"Jan 11, 2019","1,355.40","1,355.40","1,355.40","1,355.40","0.05K","0.18%"
"Jan 10, 2019","1,353.00","1,353.00","1,353.00","1,353.00","0.55K","-0.32%"
"Jan 09, 2019","1,357.30","1,357.30","1,357.30","1,357.30","0.10K","0.46%"
"Jan 08, 2019","1,351.10","1,351.10","1,351.10","1,351.10","0.00K","-0.30%"
"Jan 07, 2019","1,355.20","1,355.20","1,355.20","1,355.20","0.01K","0.31%"
"Jan 04, 2019","1,351.00","1,351.80","1,351.80","1,351.80","0.00K","-0.65%"
"Jan 03, 2019","1,359.80","1,359.80","1,359.80","1,359.80","0.01K","0.76%"
"Jan 02, 2019","1,349.50","1,349.50","1,349.50","1,349.50","0.10K","5.15%"
"Jan 01, 2019","1,283.35","1,284.70","1,284.75","1,282.85","-","-4.73%"
"Dec 31, 2018","1,347.10","1,347.10","1,347.10","1,347.10","0.05K","-0.09%"
"Dec 28, 2018","1,348.30","1,348.30","1,348.30","1,348.30","0.08K","0.13%"
"Dec 27, 2018","1,346.50","1,346.50","1,346.50","1,346.50","0.03K","0.61%"
"Dec 26, 2018","1,338.30","1,343.00","1,343.00","1,343.00","0.00K","5.32%"
"Dec 25, 2018","1,270.75","1,272.50","1,274.55","1,270.65","-","-4.96%"
"Dec 24, 2018","1,337.00","1,337.00","1,337.00","1,337.00","0.03K","1.05%"
"Dec 21, 2018","1,323.10","1,323.10","1,323.10","1,323.10","0.06K","-0.75%"
"Dec 20, 2018","1,333.10","1,333.10","1,333.10","1,333.10","0.01K","0.89%"
"Dec 19, 2018","1,321.30","1,321.30","1,321.30","1,321.30","0.27K","0.21%"
"Dec 18, 2018","1,318.50","1,318.50","1,318.50","1,318.50","0.03K","0.08%"
"Dec 17, 2018","1,317.40","1,317.40","1,317.40","1,317.40","0.01K","0.80%"
"Dec 14, 2018","1,307.00","1,307.00","1,307.00","1,307.00","0.03K","-0.47%"
"Dec 13, 2018","1,313.20","1,313.20","1,313.20","1,313.20","0.19K","-0.20%"
"Dec 12, 2018","1,315.80","1,315.80","1,315.80","1,315.80","0.07K","0.22%"
"Dec 11, 2018","1,312.90","1,312.90","1,312.90","1,312.90","0.00K","-0.14%"
"Dec 10, 2018","1,314.80","1,314.80","1,314.80","1,314.80","0.09K","-0.36%"
"Dec 07, 2018","1,319.50","1,319.50","1,319.50","1,319.50","0.00K","0.71%"
"Dec 06, 2018","1,310.20","1,313.90","1,313.90","1,309.50","0.00K","0.05%"
"Dec 05, 2018","1,309.60","1,309.60","1,309.60","1,309.60","0.00K","-0.30%"
"Dec 04, 2018","1,313.60","1,313.60","1,313.60","1,313.60","0.02K","0.55%"
"Dec 03, 2018","1,306.40","1,306.40","1,306.40","1,306.40","0.05K","1.06%"
"Nov 30, 2018","1,292.70","1,289.70","1,289.70","1,289.70","0.00K","-0.33%"
"Nov 29, 2018","1,297.00","1,297.00","1,297.00","1,297.00","0.00K","0.05%"
"Nov 28, 2018","1,296.40","1,296.40","1,296.40","1,296.40","0.00K","0.77%"
"Nov 27, 2018","1,286.50","1,286.50","1,286.50","1,286.50","0.01K","-0.72%"
"Nov 26, 2018","1,295.80","1,295.80","1,295.80","1,295.80","0.00K","-0.02%"
"Nov 23, 2018","1,296.10","1,296.10","1,296.10","1,296.10","0.06K","5.55%"
"Nov 22, 2018","1,228.00","1,226.40","1,229.70","1,225.50","-","-5.60%"
"Nov 21, 2018","1,300.80","1,300.80","1,300.80","1,300.80","0.34K","0.57%"
"Nov 20, 2018","1,293.40","1,293.40","1,293.40","1,293.40","0.01K","-0.32%"
"Nov 19, 2018","1,297.50","1,297.50","1,297.50","1,297.50","0.10K","0.20%"
"Nov 16, 2018","1,294.90","1,294.90","1,294.90","1,294.90","0.00K","0.57%"
"Nov 15, 2018","1,287.60","1,287.60","1,287.60","1,287.60","0.01K","0.34%"
"Nov 14, 2018","1,283.20","1,283.20","1,283.20","1,283.20","0.33K","0.67%"
"Nov 13, 2018","1,274.70","1,274.70","1,274.70","1,274.70","0.01K","-0.16%"
"Nov 12, 2018","1,276.80","1,276.80","1,276.80","1,276.80","0.03K","-0.42%"
"Nov 09, 2018","1,282.20","1,282.20","1,282.20","1,282.20","0.08K","-1.32%"
"Nov 08, 2018","1,299.30","1,299.30","1,299.30","1,299.30","0.00K","-0.27%"
"Nov 07, 2018","1,302.80","1,302.80","1,302.80","1,302.80","0.00K","0.18%"
"Nov 06, 2018","1,300.40","1,300.40","1,300.40","1,300.40","0.01K","-0.46%"
"Nov 05, 2018","1,306.40","1,306.40","1,306.40","1,306.40","0.05K","-0.07%"
"Nov 02, 2018","1,307.30","1,307.30","1,307.30","1,307.30","0.00K","-0.37%"
"Nov 01, 2018","1,312.20","1,312.20","1,312.20","1,312.20","0.01K","1.86%"
"Oct 31, 2018","1,288.20","1,291.10","1,291.10","1,291.10","0.00K","-0.82%"
"Oct 30, 2018","1,298.90","1,296.70","1,296.70","1,296.70","0.00K","-0.17%"
"Oct 29, 2018","1,301.10","1,301.10","1,301.10","1,301.10","0.00K","-0.66%"
"Oct 26, 2018","1,309.70","1,309.70","1,309.70","1,309.70","0.05K","0.23%"
"Oct 25, 2018","1,306.70","1,306.70","1,306.70","1,306.70","0.00K","0.09%"
"Oct 24, 2018","1,305.50","1,305.50","1,305.50","1,305.50","0.01K","-0.50%"
"Oct 23, 2018","1,312.00","1,312.00","1,312.00","1,312.00","0.03K","0.94%"
"Oct 22, 2018","1,299.80","1,299.80","1,299.80","1,299.80","0.02K","-0.31%"
"Oct 19, 2018","1,303.80","1,303.80","1,303.80","1,303.80","0.06K","-0.10%"
"Oct 18, 2018","1,305.10","1,305.10","1,305.10","1,305.10","0.17K","0.25%"
"Oct 17, 2018","1,301.90","1,301.90","1,301.90","1,301.90","0.01K","-0.30%"
"Oct 16, 2018","1,305.80","1,305.80","1,305.80","1,305.80","0.05K","0.03%"
"Oct 15, 2018","1,305.40","1,305.40","1,305.40","1,305.40","0.14K","0.70%"
"Oct 12, 2018","1,296.30","1,296.30","1,296.30","1,296.30","0.12K","-0.46%"
"Oct 11, 2018","1,302.30","1,271.20","1,271.20","1,271.20","0.00K","2.73%"
"Oct 10, 2018","1,267.70","1,267.70","1,267.70","1,267.70","0.06K","0.15%"
"Oct 09, 2018","1,265.80","1,265.80","1,265.80","1,265.80","0.01K","0.23%"
"Oct 08, 2018","1,262.90","1,262.90","1,262.90","1,262.90","0.04K","-1.35%"
"Oct 05, 2018","1,280.20","1,280.20","1,280.20","1,280.20","0.01K","0.37%"
"Oct 04, 2018","1,275.50","1,275.50","1,275.50","1,275.50","0.00K","-0.09%"
"Oct 03, 2018","1,276.70","1,276.70","1,276.70","1,276.70","0.08K","-0.31%"
"Oct 02, 2018","1,280.70","1,280.70","1,280.70","1,280.70","0.00K","1.29%"
"Oct 01, 2018","1,264.40","1,264.40","1,264.40","1,264.40","0.18K","-0.34%"
"Sep 28, 2018","1,268.70","1,270.00","1,270.00","1,270.00","0.00K","0.71%"
"Sep 27, 2018","1,259.80","1,260.00","1,260.00","1,260.00","0.00K","-0.94%"
"Sep 26, 2018","1,271.80","1,271.80","1,271.80","1,271.80","0.00K","-0.50%"
"Sep 25, 2018","1,278.20","1,278.20","1,278.20","1,278.20","0.02K","0.06%"
"Sep 24, 2018","1,277.40","1,277.40","1,277.40","1,277.40","0.01K","0.24%"
"Sep 21, 2018","1,274.30","1,274.30","1,274.30","1,274.30","0.04K","-0.79%"
"Sep 20, 2018","1,284.40","1,284.40","1,284.40","1,284.40","0.01K","0.23%"
"Sep 19, 2018","1,281.50","1,281.50","1,281.50","1,281.50","0.01K","0.45%"
"Sep 18, 2018","1,275.70","1,275.70","1,275.70","1,275.70","0.03K","-0.21%"
"Sep 17, 2018","1,278.40","1,278.40","1,278.40","1,278.40","0.04K","0.36%"
"Sep 14, 2018","1,273.80","1,273.80","1,273.80","1,273.80","0.00K","-0.56%"
"Sep 13, 2018","1,281.00","1,281.00","1,281.00","1,281.00","0.02K","-0.23%"
"Sep 12, 2018","1,283.90","1,269.60","1,271.00","1,269.50","0.02K","0.75%"
"Sep 11, 2018","1,274.40","1,274.40","1,274.40","1,274.40","0.02K","0.22%"
"Sep 10, 2018","1,271.60","1,271.60","1,271.60","1,271.60","0.01K","-0.04%"
"Sep 07, 2018","1,272.10","1,272.10","1,272.10","1,272.10","0.00K","-0.28%"
"Sep 06, 2018","1,275.70","1,275.70","1,275.70","1,275.70","0.00K","0.24%"
"Sep 05, 2018","1,272.60","1,266.10","1,271.90","1,266.10","0.01K","0.19%"
"Sep 04, 2018","1,270.20","1,270.20","1,270.20","1,270.20","0.03K","5.30%"
"Sep 03, 2018","1,206.30","1,204.90","1,209.60","1,201.30","-","0.12%"
"Sep 02, 2018","1,204.90","1,206.20","1,206.60","1,204.50","-","-5.70%"
"Aug 31, 2018","1,277.70","1,277.70","1,277.70","1,277.70","0.03K","0.13%"
"Aug 30, 2018","1,276.10","1,276.10","1,276.10","1,276.10","0.01K","-0.56%"
"Aug 29, 2018","1,283.30","1,283.30","1,283.30","1,283.30","0.03K","-0.24%"
"Aug 28, 2018","1,286.40","1,286.40","1,286.40","1,286.40","0.14K","-0.12%"
"Aug 27, 2018","1,288.00","1,288.00","1,288.00","1,288.00","0.15K","0.23%"
"Aug 24, 2018","1,285.00","1,285.00","1,285.00","1,285.00","0.01K","1.56%"
"Aug 23, 2018","1,265.20","1,265.20","1,265.20","1,265.20","0.00K","-0.83%"
"Aug 22, 2018","1,275.80","1,280.20","1,280.20","1,278.20","0.00K","0.24%"
"Aug 21, 2018","1,272.80","1,272.90","1,272.90","1,272.90","0.00K","0.42%"
"Aug 20, 2018","1,267.50","1,266.00","1,266.00","1,266.00","0.00K","0.75%"
"Aug 17, 2018","1,258.10","1,258.10","1,258.10","1,258.10","0.00K","0.01%"
"Aug 16, 2018","1,258.00","1,258.00","1,258.00","1,258.00","0.04K","-0.13%"
"Aug 15, 2018","1,259.70","1,265.80","1,265.80","1,265.80","0.00K","-1.27%"
"Aug 14, 2018","1,275.90","1,273.40","1,273.40","1,273.40","0.00K","0.14%"
"Aug 13, 2018","1,274.10","1,274.10","1,274.10","1,274.10","0.01K","-1.58%"
"Aug 10, 2018","1,294.60","1,294.60","1,294.60","1,294.60","0.08K","-0.09%"
"Aug 09, 2018","1,295.80","1,295.80","1,295.80","1,295.80","0.04K","-0.08%"
"Aug 08, 2018","1,296.80","1,296.80","1,296.80","1,296.80","0.21K","0.20%"
"Aug 07, 2018","1,294.20","1,294.20","1,294.20","1,294.20","0.72K","0.05%"
"Aug 06, 2018","1,293.60","1,302.80","1,305.00","1,298.60","0.01K","-0.45%"
"Aug 03, 2018","1,299.40","1,288.80","1,298.40","1,288.80","0.01K","0.25%"
"Aug 02, 2018","1,296.20","1,308.00","1,308.00","1,308.00","0.00K","-0.60%"
"Aug 01, 2018","1,304.00","1,304.00","1,304.00","1,304.00","1.03K","-0.44%"
"Jul 31, 2018","1,309.80","1,309.80","1,309.80","1,309.80","2.72K","0.16%"
"Jul 30, 2018","1,307.70","1,306.90","1,309.10","1,301.90","0.01K","-0.10%"
"Jul 27, 2018","1,309.00","1,309.00","1,309.00","1,309.00","0.00K","-0.19%"
"Jul 26, 2018","1,311.50","1,311.50","1,311.50","1,311.50","0.00K","-0.39%"
"Jul 25, 2018","1,316.70","1,316.70","1,316.70","1,316.70","0.06K","0.45%"
"Jul 24, 2018","1,310.80","1,310.80","1,310.80","1,310.80","0.04K","0.01%"
"Jul 23, 2018","1,310.70","1,307.60","1,307.60","1,307.60","0.00K","-0.46%"
"Jul 20, 2018","1,316.80","1,316.80","1,316.80","1,316.80","0.15K","0.49%"
"Jul 19, 2018","1,310.40","1,302.00","1,302.00","1,302.00","0.08K","-0.35%"
"Jul 18, 2018","1,315.00","1,315.00","1,315.00","1,315.00","0.00K","0.03%"
"Jul 17, 2018","1,314.60","1,320.00","1,320.00","1,320.00","0.03K","-0.97%"
"Jul 16, 2018","1,327.50","1,327.50","1,327.50","1,327.50","0.00K","-0.11%"
"Jul 13, 2018","1,329.00","1,327.00","1,327.00","1,327.00","0.00K","-0.46%"
"Jul 12, 2018","1,335.20","1,335.20","1,335.20","1,335.20","0.01K","0.16%"
"Jul 11, 2018","1,333.10","1,333.10","1,333.10","1,333.10","0.03K","-0.88%"
"Jul 10, 2018","1,344.90","1,344.90","1,344.90","1,344.90","0.07K","-0.29%"
"Jul 09, 2018","1,348.80","1,348.80","1,348.80","1,348.80","0.04K","0.31%"
"Jul 06, 2018","1,344.60","1,344.60","1,344.60","1,344.60","0.01K","-0.21%"
"Jul 05, 2018","1,347.40","1,347.40","1,347.40","1,347.40","0.01K","7.10%"
"Jul 04, 2018","1,258.10","1,256.20","1,262.40","1,255.30","-","-6.27%"
"Jul 03, 2018","1,342.20","1,342.20","1,342.20","1,342.20","0.04K","0.94%"
"Jul 02, 2018","1,329.70","1,329.70","1,329.70","1,329.70","0.03K","-1.04%"
"Jun 29, 2018","1,343.70","1,343.70","1,343.70","1,343.70","0.05K","0.28%"
"Jun 28, 2018","1,340.00","1,340.00","1,340.00","1,340.00","0.38K","-0.41%"
"Jun 27, 2018","1,345.50","1,345.50","1,345.50","1,345.50","0.01K","-0.33%"
"Jun 26, 2018","1,350.00","1,350.00","1,350.00","1,350.00","0.09K","-0.71%"
"Jun 25, 2018","1,359.60","1,353.70","1,353.70","1,353.70","0.00K","-0.15%"
"Jun 22, 2018","1,361.70","1,365.00","1,365.00","1,365.00","0.00K","0.02%"
"Jun 21, 2018","1,361.40","1,360.00","1,360.00","1,360.00","0.00K","-0.31%"
"Jun 20, 2018","1,365.70","1,376.80","1,376.80","1,376.80","0.00K","-0.28%"
"Jun 19, 2018","1,369.60","1,369.60","1,369.60","1,369.60","0.03K","-0.14%"
"Jun 18, 2018","1,371.50","1,371.50","1,371.50","1,371.50","0.04K","0.13%"
"Jun 15, 2018","1,369.70","1,369.70","1,369.70","1,369.70","0.59K","-2.23%"
"Jun 14, 2018","1,401.00","1,401.00","1,401.00","1,401.00","0.05K","0.51%"
"Jun 13, 2018","1,393.90","1,393.90","1,393.90","1,393.90","0.14K","0.12%"
"Jun 12, 2018","1,392.20","1,392.20","1,392.20","1,392.20","0.15K","-0.27%"
"Jun 11, 2018","1,395.90","1,395.90","1,395.90","1,395.90","0.07K","0.08%"
"Jun 08, 2018","1,394.80","1,394.80","1,394.80","1,394.80","0.65K","0.00%"
"Jun 07, 2018","1,394.80","1,394.80","1,394.80","1,394.80","0.08K","0.06%"
"Jun 06, 2018","1,393.90","1,393.90","1,393.90","1,393.90","0.03K","-0.04%"
"Jun 05, 2018","1,394.50","1,394.50","1,394.50","1,394.50","0.36K","0.36%"
"Jun 04, 2018","1,389.50","1,389.60","1,390.50","1,389.60","0.00K","-0.04%"
"Jun 01, 2018","1,390.10","1,392.40","1,392.40","1,392.40","0.00K","-0.35%"
"May 31, 2018","1,395.00","1,395.00","1,395.00","1,395.00","4.08K","-0.12%"
"May 30, 2018","1,396.70","1,396.70","1,396.70","1,396.70","50.85K","0.22%"
"May 29, 2018","1,393.70","1,393.70","1,393.70","1,393.70","0.08K","7.41%"
"May 28, 2018","1,297.60","1,298.40","1,299.70","1,294.70","-","-0.05%"
"May 27, 2018","1,298.30","1,299.80","1,299.90","1,296.10","-","-7.48%"
"May 25, 2018","1,403.20","1,403.20","1,403.20","1,403.20","0.00K","-0.07%"
"May 24, 2018","1,404.20","1,404.20","1,404.20","1,404.20","0.02K","1.08%"
"May 23, 2018","1,389.20","1,389.20","1,389.20","1,389.20","0.01K","-0.21%"
"May 22, 2018","1,392.10","1,392.10","1,392.10","1,392.10","0.05K","0.07%"
"May 21, 2018","1,391.10","1,391.10","1,391.10","1,391.10","0.05K","-0.01%"
"May 18, 2018","1,391.30","1,391.30","1,391.30","1,391.30","0.00K","0.09%"
"May 17, 2018","1,390.00","1,390.00","1,390.00","1,390.00","0.00K","-0.15%"
"May 16, 2018","1,392.10","1,392.10","1,392.10","1,392.10","0.03K","0.17%"
"May 15, 2018","1,389.80","1,405.30","1,405.30","1,405.30","0.00K","-1.98%"
"May 14, 2018","1,417.90","1,417.90","1,417.90","1,417.90","0.00K","-0.18%"
"May 11, 2018","1,420.40","1,420.40","1,420.40","1,420.40","0.00K","-0.12%"
"May 10, 2018","1,422.10","1,422.10","1,422.10","1,422.10","0.01K","0.64%"
"May 09, 2018","1,413.00","1,413.50","1,413.50","1,413.30","0.03K","-0.06%"
"May 08, 2018","1,413.80","1,413.80","1,413.80","1,413.80","0.34K","-0.03%"
"May 07, 2018","1,414.20","1,414.20","1,414.20","1,414.20","0.00K","-0.04%"
"May 04, 2018","1,414.70","1,414.70","1,414.70","1,414.70","0.04K","0.16%"
"May 03, 2018","1,412.40","1,412.40","1,412.40","1,412.40","0.00K","0.51%"
"May 02, 2018","1,405.30","1,405.30","1,405.30","1,405.30","0.02K","-0.08%"
"May 01, 2018","1,406.40","1,406.40","1,406.40","1,406.40","0.03K","-0.89%"
"Apr 30, 2018","1,419.10","1,419.10","1,419.10","1,419.10","0.05K","-0.32%"
"Apr 27, 2018","1,423.60","1,423.60","1,423.60","1,423.60","0.62K","0.39%"
"Apr 26, 2018","1,418.00","1,418.00","1,418.00","1,418.00","0.01K","-0.34%"
"Apr 25, 2018","1,422.90","1,422.90","1,422.90","1,422.90","0.28K","-0.71%"
"Apr 24, 2018","1,433.10","1,433.10","1,433.10","1,433.10","0.03K","0.64%"
"Apr 23, 2018","1,424.00","1,424.00","1,424.00","1,424.00","0.01K","-0.99%"
"Apr 20, 2018","1,438.20","1,442.00","1,442.00","1,442.00","0.00K","-0.73%"
"Apr 19, 2018","1,448.80","1,453.00","1,453.00","1,453.00","0.00K","-0.32%"
"Apr 18, 2018","1,453.50","1,460.10","1,460.10","1,460.10","0.00K","0.29%"
"Apr 17, 2018","1,449.30","1,449.30","1,449.30","1,449.30","0.41K","-0.09%"
"Apr 16, 2018","1,450.60","1,450.60","1,450.60","1,450.60","0.06K","0.19%"
"Apr 13, 2018","1,447.90","1,447.90","1,447.90","1,447.90","0.07K","0.45%"
"Apr 12, 2018","1,441.40","1,441.40","1,441.40","1,441.40","0.03K","-1.27%"
"Apr 11, 2018","1,460.00","1,460.00","1,460.00","1,460.00","0.00K","1.00%"
"Apr 10, 2018","1,445.50","1,445.50","1,445.50","1,445.50","0.11K","0.41%"
"Apr 09, 2018","1,439.60","1,439.60","1,439.60","1,439.60","0.29K","0.26%"
"Apr 06, 2018","1,435.90","1,435.90","1,435.90","1,435.90","0.35K","0.55%"
"Apr 05, 2018","1,428.10","1,428.10","1,428.10","1,428.10","0.26K","-0.81%"
"Apr 04, 2018","1,439.70","1,439.70","1,439.70","1,439.70","0.72K","0.22%"
"Apr 03, 2018","1,436.50","1,436.50","1,436.50","1,436.50","0.70K","-0.64%"
"Apr 02, 2018","1,445.80","1,445.80","1,445.80","1,445.80","0.65K","1.39%"
"Mar 29, 2018","1,426.00","1,426.00","1,426.00","1,426.00","5.59K","-0.20%"
"Mar 28, 2018","1,428.90","1,428.90","1,428.90","1,428.90","59.28K","-1.31%"
"Mar 27, 2018","1,447.80","1,447.80","1,447.80","1,447.80","0.01K","-0.90%"
"Mar 26, 2018","1,461.00","1,461.00","1,461.00","1,461.00","0.01K","0.41%"
"Mar 23, 2018","1,455.00","1,455.00","1,455.00","1,455.00","0.01K","1.59%"
"Mar 22, 2018","1,432.20","1,432.20","1,432.20","1,432.20","0.00K","0.39%"
"Mar 21, 2018","1,426.60","1,426.60","1,426.60","1,426.60","0.01K","0.73%"
"Mar 20, 2018","1,416.20","1,416.20","1,416.20","1,416.20","0.00K","-0.39%"
"Mar 19, 2018","1,421.70","1,421.70","1,421.70","1,421.70","0.01K","0.38%"
"Mar 16, 2018","1,416.30","1,416.30","1,416.30","1,416.30","0.03K","-0.38%"
"Mar 15, 2018","1,421.70","1,421.70","1,421.70","1,421.70","0.10K","-0.56%"
"Mar 14, 2018","1,429.70","1,429.70","1,429.70","1,429.70","0.03K","-0.12%"
"Mar 13, 2018","1,431.40","1,433.40","1,433.40","1,433.40","0.00K","0.46%"
"Mar 12, 2018","1,424.80","1,424.80","1,424.80","1,424.80","0.00K","-0.22%"
"Mar 09, 2018","1,428.00","1,428.00","1,428.00","1,428.00","0.09K","0.30%"
"Mar 08, 2018","1,423.70","1,423.70","1,423.70","1,423.70","0.06K","-0.29%"
"Mar 07, 2018","1,427.90","1,427.90","1,427.90","1,427.90","0.03K","-0.56%"
"Mar 06, 2018","1,435.90","1,435.90","1,435.90","1,435.90","0.02K","1.08%"
"Mar 05, 2018","1,420.50","1,420.50","1,420.50","1,420.50","0.02K","-0.26%"
"Mar 02, 2018","1,424.20","1,424.20","1,424.20","1,424.20","0.16K","1.29%"
"Mar 01, 2018","1,406.00","1,406.00","1,406.00","1,406.00","0.04K","-0.93%"
"Feb 28, 2018","1,419.20","1,419.20","1,419.20","1,419.20","0.06K","-0.03%"
"Feb 27, 2018","1,419.60","1,419.60","1,419.60","1,419.60","0.05K","-0.94%"
"Feb 26, 2018","1,433.10","1,433.10","1,433.10","1,433.10","0.04K","0.29%"
"Feb 23, 2018","1,429.00","1,429.00","1,429.00","1,429.00","0.43K","-0.17%"
"Feb 22, 2018","1,431.40","1,431.40","1,431.40","1,431.40","0.07K","0.06%"
"Feb 21, 2018","1,430.60","1,430.60","1,430.60","1,430.60","0.12K","0.15%"
"Feb 20, 2018","1,428.40","1,428.40","1,428.40","1,428.40","0.28K","5.98%"
"Feb 19, 2018","1,347.80","1,350.40","1,353.90","1,347.40","-","-0.20%"
"Feb 18, 2018","1,350.50","1,349.70","1,352.40","1,349.70","-","-7.04%"
"Feb 16, 2018","1,452.80","1,452.80","1,452.80","1,452.80","0.11K","0.09%"
"Feb 15, 2018","1,451.50","1,451.50","1,451.50","1,451.50","0.11K","-0.10%"
"Feb 14, 2018","1,452.90","1,452.90","1,452.90","1,452.90","0.40K","1.97%"
"Feb 13, 2018","1,424.80","1,424.80","1,424.80","1,424.80","0.07K","0.27%"
"Feb 12, 2018","1,420.90","1,420.90","1,420.90","1,420.90","0.14K","0.77%"
"Feb 09, 2018","1,410.10","1,410.10","1,410.10","1,410.10","0.00K","-0.33%"
"Feb 08, 2018","1,414.80","1,414.80","1,414.80","1,414.80","0.46K","0.29%"
"Feb 07, 2018","1,410.70","1,410.70","1,410.70","1,410.70","0.49K","-1.03%"
"Feb 06, 2018","1,425.40","1,425.40","1,425.40","1,425.40","0.53K","-0.52%"
"Feb 05, 2018","1,432.90","1,432.90","1,432.90","1,432.90","0.64K","-0.12%"
"Feb 02, 2018","1,434.60","1,434.60","1,434.60","1,434.60","2.84K","-0.73%"
"Feb 01, 2018","1,445.10","1,445.10","1,445.10","1,445.10","1.68K","0.40%"
"Jan 31, 2018","1,439.40","1,439.40","1,439.40","1,439.40","4.88K","0.22%"
"Jan 30, 2018","1,436.20","1,436.20","1,436.20","1,436.20","52.10K","-0.35%"
"Jan 29, 2018","1,441.30","1,441.30","1,441.30","1,441.30","0.00K","-0.85%"
"Jan 26, 2018","1,453.70","1,453.70","1,453.70","1,453.70","0.05K","-0.64%"
"Jan 25, 2018","1,463.10","1,463.10","1,463.10","1,463.10","0.00K","0.47%"
"Jan 24, 2018","1,456.30","1,456.30","1,456.30","1,456.30","0.02K","1.54%"
"Jan 23, 2018","1,434.20","1,434.20","1,434.20","1,434.20","0.05K","0.32%"
"Jan 22, 2018","1,429.60","1,429.60","1,429.60","1,429.60","0.16K","0.26%"
"Jan 19, 2018","1,425.90","1,425.90","1,425.90","1,425.90","0.05K","0.49%"
"Jan 18, 2018","1,419.00","1,419.00","1,419.00","1,419.00","0.21K","-0.84%"
"Jan 17, 2018","1,431.00","1,431.00","1,431.00","1,431.00","0.03K","0.20%"
"Jan 16, 2018","1,428.10","1,428.10","1,428.10","1,428.10","0.01K","6.43%"
"Jan 15, 2018","1,341.80","1,337.30","1,344.90","1,337.00","-","0.33%"
"Jan 14, 2018","1,337.40","1,337.70","1,338.60","1,336.40","-","-6.19%"
"Jan 12, 2018","1,425.70","1,425.70","1,425.70","1,425.70","0.01K","1.01%"
"Jan 11, 2018","1,411.40","1,411.40","1,411.40","1,411.40","0.01K","0.22%"
"Jan 10, 2018","1,408.30","1,408.30","1,408.30","1,408.30","0.00K","0.50%"
"Jan 09, 2018","1,401.30","1,398.00","1,398.00","1,398.00","0.00K","-0.43%"
"Jan 08, 2018","1,407.40","1,407.40","1,407.40","1,407.40","0.04K","-0.06%"
"Jan 05, 2018","1,408.30","1,408.30","1,408.30","1,408.30","0.00K","0.07%"
"Jan 04, 2018","1,407.30","1,407.30","1,407.30","1,407.30","0.00K","0.24%"
"Jan 03, 2018","1,404.00","1,399.00","1,399.00","1,399.00","0.00K","0.28%"
"Jan 02, 2018","1,400.10","1,400.10","1,400.10","1,400.10","0.00K","6.98%"
"Jan 01, 2018","1,308.70","1,305.80","1,309.70","1,304.60","-","-5.98%"
"Dec 29, 2017","1,391.90","1,391.90","1,391.90","1,391.90","0.07K","0.91%"
"Dec 28, 2017","1,379.40","1,372.10","1,372.10","1,372.00","0.01K","0.52%"
"Dec 27, 2017","1,372.30","1,372.30","1,372.30","1,372.30","0.07K","0.28%"
"Dec 26, 2017","1,368.50","1,368.50","1,368.50","1,368.50","0.08K","7.09%"
"Dec 25, 2017","1,277.90","1,278.90","1,279.50","1,277.90","-","-6.02%"
"Dec 22, 2017","1,359.80","1,353.70","1,354.30","1,353.70","0.00K","0.63%"
"Dec 21, 2017","1,351.30","1,351.30","1,351.30","1,351.30","0.23K","0.07%"
"Dec 20, 2017","1,350.40","1,350.40","1,350.40","1,350.40","0.06K","0.42%"
"Dec 19, 2017","1,344.80","1,344.80","1,344.80","1,344.80","0.33K","-0.06%"
"Dec 18, 2017","1,345.60","1,345.60","1,345.60","1,345.60","0.05K","0.61%"
"Dec 15, 2017","1,337.40","1,337.40","1,337.40","1,337.40","0.58K","0.01%"
"Dec 14, 2017","1,337.20","1,342.00","1,342.00","1,334.00","0.00K","0.64%"
"Dec 13, 2017","1,328.70","1,328.70","1,328.70","1,328.70","0.35K","0.51%"
"Dec 12, 2017","1,321.90","1,321.90","1,321.90","1,321.90","0.06K","-0.37%"
"Dec 11, 2017","1,326.80","1,326.80","1,326.80","1,326.80","0.15K","-0.10%"
"Dec 08, 2017","1,328.10","1,330.50","1,330.50","1,330.50","0.00K","-0.37%"
"Dec 07, 2017","1,333.00","1,327.60","1,327.60","1,327.60","0.01K","-0.98%"
"Dec 06, 2017","1,346.20","1,346.20","1,346.20","1,346.20","0.37K","0.08%"
"Dec 05, 2017","1,345.10","1,345.10","1,345.10","1,345.10","1.50K","-0.95%"
"Dec 04, 2017","1,358.00","1,358.00","1,358.00","1,358.00","0.85K","-0.35%"
"Dec 01, 2017","1,362.80","1,362.80","1,362.80","1,362.80","0.82K","0.41%"
"Nov 30, 2017","1,357.30","1,357.30","1,357.30","1,357.30","3.05K","-0.67%"
"Nov 29, 2017","1,366.40","1,382.00","1,382.00","1,382.00","0.01K","-0.91%"
"Nov 28, 2017","1,379.00","1,379.00","1,379.00","1,379.00","4.06K","0.02%"
"Nov 27, 2017","1,378.70","1,378.70","1,378.70","1,378.70","0.00K","0.52%"
"Nov 24, 2017","1,371.60","1,371.60","1,371.60","1,371.60","0.01K","6.19%"
"Nov 23, 2017","1,291.66","1,291.19","1,293.87","1,287.65","-","-6.16%"
"Nov 22, 2017","1,376.40","1,376.40","1,376.40","1,376.40","0.03K","0.85%"
"Nov 21, 2017","1,364.80","1,364.80","1,364.80","1,364.80","0.02K","0.53%"
"Nov 20, 2017","1,357.60","1,357.60","1,357.60","1,357.60","0.00K","-1.48%"
"Nov 17, 2017","1,378.00","1,378.00","1,378.00","1,378.00","0.00K","1.37%"
"Nov 16, 2017","1,359.40","1,359.40","1,359.40","1,359.40","0.04K","0.05%"
"Nov 15, 2017","1,358.70","1,358.70","1,358.70","1,358.70","0.01K","-0.40%"
"Nov 14, 2017","1,364.20","1,364.20","1,364.20","1,364.20","0.00K","0.28%"
"Nov 13, 2017","1,360.40","1,360.40","1,360.40","1,360.40","0.02K","0.44%"
"Nov 10, 2017","1,354.50","1,354.50","1,354.50","1,354.50","0.10K","-0.90%"
"Nov 09, 2017","1,366.80","1,366.80","1,366.80","1,366.80","0.02K","0.33%"
"Nov 08, 2017","1,362.30","1,362.30","1,362.30","1,362.30","0.02K","0.62%"
"Nov 07, 2017","1,353.90","1,353.90","1,353.90","1,353.90","0.01K","-0.43%"
"Nov 06, 2017","1,359.70","1,359.70","1,359.70","1,359.70","0.13K","0.95%"
"Nov 03, 2017","1,346.90","1,346.90","1,346.90","1,346.90","0.08K","-0.63%"
"Nov 02, 2017","1,355.40","1,355.40","1,355.40","1,355.40","0.07K","0.06%"
"Nov 01, 2017","1,354.60","1,354.60","1,354.60","1,354.60","0.08K","0.51%"
"Oct 31, 2017","1,347.70","1,347.70","1,347.70","1,347.70","0.24K","-0.53%"
"Oct 30, 2017","1,354.90","1,354.90","1,354.90","1,354.90","0.22K","0.43%"
"Oct 27, 2017","1,349.10","1,351.70","1,351.70","1,351.70","0.00K","0.19%"
"Oct 26, 2017","1,346.50","1,346.50","1,346.50","1,346.50","0.04K","-0.66%"
"Oct 25, 2017","1,355.50","1,355.50","1,355.50","1,355.50","0.11K","0.10%"
"Oct 24, 2017","1,354.20","1,354.20","1,354.20","1,354.20","0.11K","-0.20%"
"Oct 23, 2017","1,356.90","1,356.90","1,356.90","1,356.90","0.12K","0.05%"
"Oct 20, 2017","1,356.20","1,356.20","1,356.20","1,356.20","0.30K","-0.71%"
"Oct 19, 2017","1,365.90","1,365.90","1,365.90","1,365.90","0.13K","0.49%"
"Oct 18, 2017","1,359.30","1,359.30","1,359.30","1,359.30","0.16K","-0.23%"
"Oct 17, 2017","1,362.50","1,362.50","1,362.50","1,362.50","0.57K","-1.25%"
"Oct 16, 2017","1,379.70","1,382.00","1,382.00","1,382.00","0.01K","-0.05%"
"Oct 13, 2017","1,380.40","1,372.00","1,372.00","1,372.00","0.00K","0.59%"
"Oct 12, 2017","1,372.30","1,372.30","1,372.30","1,372.30","0.01K","0.57%"
"Oct 11, 2017","1,364.50","1,364.50","1,364.50","1,364.50","0.02K","-0.36%"
"Oct 10, 2017","1,369.40","1,374.70","1,374.70","1,374.70","0.00K","0.66%"
"Oct 09, 2017","1,360.40","1,362.00","1,362.00","1,362.00","0.00K","0.77%"
"Oct 06, 2017","1,350.00","1,350.00","1,350.00","1,350.00","0.05K","0.13%"
"Oct 05, 2017","1,348.30","1,348.30","1,348.30","1,348.30","0.04K","-0.20%"
"Oct 04, 2017","1,351.00","1,351.00","1,351.00","1,351.00","0.22K","0.16%"
"Oct 03, 2017","1,348.80","1,353.30","1,353.30","1,353.30","0.00K","-0.10%"
"Oct 02, 2017","1,350.10","1,350.10","1,350.10","1,350.10","0.14K","-0.55%"
"Sep 29, 2017","1,357.60","1,357.60","1,357.60","1,357.60","0.49K","-0.27%"
"Sep 28, 2017","1,361.30","1,361.30","1,361.30","1,361.30","0.05K","0.04%"
"Sep 27, 2017","1,360.70","1,360.70","1,360.70","1,360.70","0.02K","-0.98%"
"Sep 26, 2017","1,374.10","1,374.10","1,374.10","1,374.10","0.04K","-0.68%"
"Sep 25, 2017","1,383.50","1,382.00","1,382.00","1,382.00","0.00K","1.03%"
"Sep 22, 2017","1,369.40","1,369.40","1,369.40","1,369.40","0.21K","0.20%"
"Sep 21, 2017","1,366.70","1,367.30","1,367.30","1,367.30","0.00K","-1.56%"
"Sep 20, 2017","1,388.30","1,388.30","1,388.30","1,388.30","0.01K","0.41%"
"Sep 19, 2017","1,382.60","1,382.60","1,382.60","1,382.60","0.05K","0.17%"
"Sep 18, 2017","1,380.30","1,380.30","1,380.30","1,380.30","0.00K","-1.06%"
"Sep 15, 2017","1,395.10","1,395.10","1,395.10","1,395.10","0.02K","-0.29%"
"Sep 14, 2017","1,399.20","1,399.20","1,399.20","1,399.20","0.32K","0.18%"
"Sep 13, 2017","1,396.70","1,396.70","1,396.70","1,396.70","0.08K","-0.36%"
"Sep 12, 2017","1,401.80","1,406.60","1,406.60","1,406.60","0.03K","-0.16%"
"Sep 11, 2017","1,404.10","1,404.10","1,404.10","1,404.10","0.00K","-1.07%"
"Sep 08, 2017","1,419.30","1,419.30","1,419.30","1,419.30","0.04K","0.09%"
"Sep 07, 2017","1,418.00","1,418.00","1,418.00","1,418.00","0.03K","0.86%"
"Sep 06, 2017","1,405.90","1,405.90","1,405.90","1,405.90","0.08K","-0.38%"
"Sep 05, 2017","1,411.20","1,411.20","1,411.20","1,411.20","0.01K","5.46%"
"Sep 04, 2017","1,338.08","1,341.21","1,344.59","1,337.01","-","-0.23%"
"Sep 03, 2017","1,341.22","1,340.54","1,342.07","1,338.96","-","-4.00%"
"Sep 01, 2017","1,397.10","1,397.10","1,397.10","1,397.10","0.04K","0.62%"
"Aug 31, 2017","1,388.50","1,389.50","1,393.70","1,389.50","0.00K","0.55%"
"Aug 30, 2017","1,380.90","1,380.90","1,380.90","1,380.90","0.37K","-0.35%"
"Aug 29, 2017","1,385.70","1,385.70","1,385.70","1,385.70","0.30K","0.22%"
"Aug 28, 2017","1,382.60","1,381.90","1,381.90","1,381.90","0.00K","1.30%"
"Aug 25, 2017","1,364.80","1,364.80","1,364.80","1,364.80","0.28K","0.43%"
"Aug 24, 2017","1,358.90","1,358.90","1,358.90","1,358.90","0.55K","-0.21%"
"Aug 23, 2017","1,361.70","1,361.70","1,361.70","1,361.70","0.25K","0.23%"
"Aug 22, 2017","1,358.60","1,358.60","1,358.60","1,358.60","0.10K","-0.40%"
"Aug 21, 2017","1,364.10","1,364.10","1,364.10","1,364.10","0.02K","0.39%"
"Aug 18, 2017","1,358.80","1,362.70","1,372.50","1,362.70","0.00K","-0.08%"
"Aug 17, 2017","1,359.90","1,359.90","1,359.90","1,359.90","0.04K","0.67%"
"Aug 16, 2017","1,350.80","1,350.80","1,350.80","1,350.80","0.11K","0.24%"
"Aug 15, 2017","1,347.50","1,347.50","1,347.50","1,347.50","0.19K","-0.78%"
"Aug 14, 2017","1,358.10","1,358.10","1,358.10","1,358.10","0.34K","-0.24%"
"Aug 11, 2017","1,361.40","1,361.40","1,361.40","1,361.40","0.14K","0.27%"
"Aug 10, 2017","1,357.80","1,357.80","1,357.80","1,357.80","0.61K","0.80%"
"Aug 09, 2017","1,347.00","1,347.00","1,347.00","1,347.00","0.57K","1.25%"
"Aug 08, 2017","1,330.40","1,330.40","1,330.40","1,330.40","0.56K","-0.12%"
"Aug 07, 2017","1,332.00","1,326.40","1,326.40","1,326.40","0.00K","0.02%"
"Aug 04, 2017","1,331.70","1,331.70","1,331.70","1,331.70","0.52K","-0.74%"
"Aug 03, 2017","1,341.60","1,341.60","1,341.60","1,341.60","0.00K","-0.29%"
"Aug 02, 2017","1,345.50","1,345.50","1,345.50","1,345.50","0.39K","-0.06%"
"Aug 01, 2017","1,346.30","1,346.30","1,346.30","1,346.30","1.06K","0.42%"
"Jul 31, 2017","1,340.70","1,340.70","1,340.70","1,340.70","7.78K","-0.14%"
"Jul 28, 2017","1,342.60","1,342.60","1,342.60","1,342.60","64.18K","0.67%"
"Jul 27, 2017","1,333.70","1,333.70","1,333.70","1,333.70","0.05K","0.85%"
"Jul 26, 2017","1,322.40","1,322.40","1,322.40","1,322.40","0.00K","-0.06%"
"Jul 25, 2017","1,323.20","1,323.20","1,323.20","1,323.20","0.02K","-0.17%"
"Jul 24, 2017","1,325.40","1,323.60","1,323.60","1,323.60","0.00K","-0.04%"
"Jul 21, 2017","1,325.90","1,325.90","1,325.90","1,325.90","0.02K","0.67%"
"Jul 20, 2017","1,317.10","1,317.10","1,317.10","1,317.10","0.01K","0.26%"
"Jul 19, 2017","1,313.70","1,313.70","1,313.70","1,313.70","0.00K","0.02%"
"Jul 18, 2017","1,313.50","1,313.50","1,313.50","1,313.50","0.03K","0.62%"
"Jul 17, 2017","1,305.40","1,305.40","1,305.40","1,305.40","0.01K","0.51%"
"Jul 14, 2017","1,298.80","1,289.00","1,289.00","1,289.00","0.00K","0.80%"
"Jul 13, 2017","1,288.50","1,288.50","1,288.50","1,288.50","0.01K","-0.21%"
"Jul 12, 2017","1,291.20","1,291.20","1,291.20","1,291.20","0.01K","0.27%"
"Jul 11, 2017","1,287.70","1,287.70","1,287.70","1,287.70","0.01K","0.13%"
"Jul 10, 2017","1,286.00","1,286.00","1,286.00","1,286.00","0.03K","0.28%"
"Jul 07, 2017","1,282.40","1,282.30","1,282.30","1,282.30","0.00K","-1.10%"
"Jul 06, 2017","1,296.70","1,296.70","1,296.70","1,296.70","0.00K","0.22%"
"Jul 05, 2017","1,293.90","1,293.90","1,293.90","1,293.90","0.00K","5.41%"
"Jul 04, 2017","1,227.55","1,224.30","1,228.03","1,221.49","-","-4.91%"
"Jul 03, 2017","1,290.90","1,289.90","1,289.90","1,289.00","0.02K","-1.76%"
"Jun 30, 2017","1,314.00","1,314.00","1,314.00","1,314.00","0.04K","-0.28%"
"Jun 29, 2017","1,317.70","1,322.80","1,322.80","1,313.70","0.00K","-0.23%"
"Jun 28, 2017","1,320.80","1,320.80","1,320.80","1,320.80","0.01K","0.18%"
"Jun 27, 2017","1,318.40","1,318.40","1,318.40","1,318.40","0.11K","0.05%"
"Jun 26, 2017","1,317.70","1,317.70","1,317.70","1,317.70","0.19K","-0.75%"
"Jun 23, 2017","1,327.70","1,327.70","1,327.70","1,327.70","0.00K","0.55%"
"Jun 22, 2017","1,320.40","1,320.40","1,320.40","1,320.40","0.16K","0.25%"
"Jun 21, 2017","1,317.10","1,317.10","1,317.10","1,317.10","0.01K","0.14%"
"Jun 20, 2017","1,315.20","1,315.20","1,315.20","1,315.20","0.08K","-0.27%"
"Jun 19, 2017","1,318.80","1,318.80","1,318.80","1,318.80","0.11K","-0.73%"
"Jun 16, 2017","1,328.50","1,328.50","1,328.50","1,328.50","0.03K","0.13%"
"Jun 15, 2017","1,326.80","1,326.80","1,326.80","1,326.80","0.74K","-1.59%"
"Jun 14, 2017","1,348.20","1,348.20","1,348.20","1,348.20","0.34K","0.52%"
"Jun 13, 2017","1,341.20","1,342.80","1,342.80","1,342.80","0.00K","-0.02%"
"Jun 12, 2017","1,341.50","1,341.50","1,341.50","1,341.50","0.26K","-0.18%"
"Jun 09, 2017","1,343.90","1,343.90","1,343.90","1,343.90","0.00K","-0.59%"
"Jun 08, 2017","1,351.90","1,351.90","1,351.90","1,351.90","0.32K","-1.00%"
"Jun 07, 2017","1,365.60","1,365.60","1,365.60","1,365.60","0.64K","-0.32%"
"Jun 06, 2017","1,370.00","1,370.00","1,370.00","1,370.00","0.94K","1.06%"
"Jun 05, 2017","1,355.60","1,355.60","1,355.60","1,355.60","0.43K","0.18%"
"Jun 02, 2017","1,353.10","1,353.10","1,353.10","1,353.10","1.73K","0.74%"
"Jun 01, 2017","1,343.20","1,343.20","1,343.20","1,343.20","0.83K","-0.39%"
"May 31, 2017","1,348.50","1,348.50","1,348.50","1,348.50","2.71K","0.70%"
"May 30, 2017","1,339.10","1,339.10","1,339.10","1,339.10","129.82K","5.72%"
"May 29, 2017","1,266.69","1,268.02","1,268.60","1,264.96","-","-0.12%"
"May 28, 2017","1,268.22","1,266.31","1,269.02","1,266.31","-","-5.69%"
"May 26, 2017","1,344.80","1,344.80","1,344.80","1,344.80","0.00K","0.86%"
"May 25, 2017","1,333.30","1,333.30","1,333.30","1,333.30","0.01K","0.27%"
"May 24, 2017","1,329.70","1,329.70","1,329.70","1,329.70","0.01K","-0.18%"
"May 23, 2017","1,332.10","1,332.10","1,332.10","1,332.10","0.02K","-0.44%"
"May 22, 2017","1,338.00","1,338.00","1,338.00","1,338.00","0.01K","0.61%"
"May 19, 2017","1,329.90","1,329.90","1,329.90","1,329.90","0.01K","0.05%"
"May 18, 2017","1,329.20","1,339.80","1,340.00","1,339.80","0.04K","-0.52%"
"May 17, 2017","1,336.20","1,336.20","1,336.20","1,336.20","0.03K","1.66%"
"May 16, 2017","1,314.40","1,312.70","1,312.70","1,312.70","0.00K","0.49%"
"May 15, 2017","1,308.00","1,307.50","1,308.00","1,307.50","0.00K","0.18%"
"May 12, 2017","1,305.70","1,305.70","1,305.70","1,305.70","0.03K","0.21%"
"May 11, 2017","1,302.90","1,302.90","1,302.90","1,302.90","0.01K","0.41%"
"May 10, 2017","1,297.60","1,305.00","1,305.20","1,305.00","0.01K","0.19%"
"May 09, 2017","1,295.10","1,306.10","1,306.10","1,303.20","0.01K","-0.84%"
"May 08, 2017","1,306.10","1,306.10","1,306.10","1,306.10","0.04K","0.02%"
"May 05, 2017","1,305.80","1,305.80","1,305.80","1,305.80","0.02K","-0.12%"
"May 04, 2017","1,307.40","1,312.10","1,312.10","1,312.10","0.00K","-1.52%"
"May 03, 2017","1,327.60","1,326.90","1,326.90","1,326.90","0.00K","-0.64%"
"May 02, 2017","1,336.10","1,336.10","1,336.10","1,336.10","0.09K","0.11%"
"May 01, 2017","1,334.60","1,334.60","1,334.60","1,334.60","0.03K","-0.93%"
"Apr 28, 2017","1,347.10","1,347.10","1,347.10","1,347.10","0.09K","0.18%"
"Apr 27, 2017","1,344.70","1,344.70","1,344.70","1,344.70","0.21K","0.13%"
"Apr 26, 2017","1,343.00","1,343.00","1,343.00","1,343.00","0.10K","-0.22%"
"Apr 25, 2017","1,346.00","1,346.00","1,346.00","1,346.00","0.36K","-0.72%"
"Apr 24, 2017","1,355.80","1,355.80","1,355.80","1,355.80","0.61K","-0.82%"
"Apr 21, 2017","1,367.00","1,359.80","1,378.00","1,359.80","0.00K","0.39%"
"Apr 20, 2017","1,361.70","1,361.70","1,361.70","1,361.70","0.13K","0.09%"
"Apr 19, 2017","1,360.50","1,360.50","1,360.50","1,360.50","0.19K","-0.76%"
"Apr 18, 2017","1,370.90","1,370.90","1,370.90","1,370.90","0.00K","0.08%"
"Apr 17, 2017","1,369.80","1,369.80","1,369.80","1,369.80","0.07K","6.21%"
"Apr 14, 2017","1,289.65","1,289.65","1,289.65","1,289.65","-","-5.64%"
"Apr 13, 2017","1,366.70","1,366.70","1,366.70","1,366.70","0.92K","0.69%"
"Apr 12, 2017","1,357.30","1,357.30","1,357.30","1,357.30","0.00K","0.29%"
"Apr 11, 2017","1,353.40","1,353.40","1,353.40","1,353.40","0.40K","1.51%"
"Apr 10, 2017","1,333.30","1,333.30","1,333.30","1,333.30","0.18K","-0.26%"
"Apr 07, 2017","1,336.80","1,336.80","1,336.80","1,336.80","0.00K","0.33%"
"Apr 06, 2017","1,332.40","1,332.40","1,332.40","1,332.40","0.00K","0.37%"
"Apr 05, 2017","1,327.50","1,327.50","1,327.50","1,327.50","0.91K","-0.70%"
"Apr 04, 2017","1,336.80","1,333.10","1,333.10","1,333.10","0.00K","0.31%"
"Apr 03, 2017","1,332.70","1,332.70","1,332.70","1,332.70","1.16K","0.22%"
"Mar 31, 2017","1,329.80","1,339.00","1,339.00","1,339.00","0.00K","0.23%"
"Mar 30, 2017","1,326.70","1,344.00","1,344.00","1,341.30","0.00K","-0.66%"
"Mar 29, 2017","1,335.50","1,335.50","1,335.50","1,335.50","0.04K","-0.15%"
"Mar 28, 2017","1,337.50","1,338.70","1,338.70","1,338.70","0.00K","0.01%"
"Mar 27, 2017","1,337.40","1,337.40","1,337.40","1,337.40","0.07K","0.53%"
"Mar 24, 2017","1,330.40","1,330.40","1,330.40","1,330.40","0.00K","0.14%"
"Mar 23, 2017","1,328.50","1,328.50","1,328.50","1,328.50","0.02K","-0.23%"
"Mar 22, 2017","1,331.50","1,331.50","1,331.50","1,331.50","0.00K","0.19%"
"Mar 21, 2017","1,329.00","1,316.50","1,316.50","1,316.50","0.00K","0.90%"
"Mar 20, 2017","1,317.20","1,317.20","1,317.20","1,317.20","0.02K","0.27%"
"Mar 17, 2017","1,313.60","1,313.60","1,313.60","1,313.60","0.03K","0.22%"
"Mar 16, 2017","1,310.70","1,310.70","1,310.70","1,310.70","0.05K","2.06%"
"Mar 15, 2017","1,284.30","1,284.30","1,284.30","1,284.30","0.04K","-0.16%"
"Mar 14, 2017","1,286.30","1,286.30","1,286.30","1,286.30","0.02K","-0.02%"
"Mar 13, 2017","1,286.60","1,294.00","1,294.00","1,294.00","0.02K","0.20%"
"Mar 10, 2017","1,284.00","1,284.00","1,284.00","1,284.00","0.00K","-0.13%"
"Mar 09, 2017","1,285.70","1,285.70","1,285.70","1,285.70","0.04K","-0.48%"
"Mar 08, 2017","1,291.90","1,291.90","1,291.90","1,291.90","0.02K","-0.45%"
"Mar 07, 2017","1,297.70","1,307.60","1,307.60","1,307.50","0.03K","-0.73%"
"Mar 06, 2017","1,307.30","1,307.30","1,307.30","1,307.30","0.03K","-0.11%"
"Mar 03, 2017","1,308.80","1,308.80","1,308.80","1,308.80","0.12K","-0.39%"
"Mar 02, 2017","1,313.90","1,313.90","1,313.90","1,313.90","0.08K","-1.29%"
"Mar 01, 2017","1,331.10","1,331.10","1,331.10","1,331.10","0.14K","-0.24%"
"Feb 28, 2017","1,334.30","1,334.30","1,334.30","1,334.30","0.72K","-0.36%"
"Feb 27, 2017","1,339.10","1,339.10","1,339.10","1,339.10","0.54K","0.05%"
"Feb 24, 2017","1,338.40","1,338.40","1,338.40","1,338.40","0.09K","0.50%"
"Feb 23, 2017","1,331.70","1,331.70","1,331.70","1,331.70","0.03K","1.40%"
"Feb 22, 2017","1,313.30","1,313.30","1,313.30","1,313.30","0.00K","-0.45%"
"Feb 21, 2017","1,319.20","1,319.20","1,319.20","1,319.20","0.00K","6.54%"
"Feb 20, 2017","1,238.20","1,237.25","1,240.15","1,233.50","-","0.07%"
"Feb 19, 2017","1,237.30","1,236.00","1,239.25","1,236.00","-","-6.22%"
"Feb 17, 2017","1,319.40","1,319.40","1,319.40","1,319.40","0.30K","-0.25%"
"Feb 16, 2017","1,322.70","1,322.70","1,322.70","1,322.70","0.00K","0.65%"
"Feb 15, 2017","1,314.20","1,314.20","1,314.20","1,314.20","0.18K","0.71%"
"Feb 14, 2017","1,304.90","1,304.90","1,304.90","1,304.90","0.16K","0.00%"
"Feb 13, 2017","1,304.90","1,304.90","1,304.90","1,304.90","0.40K","-0.73%"
"Feb 10, 2017","1,314.50","1,319.00","1,319.00","1,319.00","0.00K","-0.07%"
"Feb 09, 2017","1,315.40","1,315.40","1,315.40","1,315.40","0.89K","-0.22%"
"Feb 08, 2017","1,318.30","1,323.90","1,323.90","1,323.90","0.00K","0.14%"
"Feb 07, 2017","1,316.40","1,314.10","1,314.10","1,314.10","0.00K","0.24%"
"Feb 06, 2017","1,313.30","1,313.30","1,313.30","1,313.30","0.91K","0.85%"
"Feb 03, 2017","1,302.20","1,302.20","1,302.20","1,302.20","0.87K","0.12%"
"Feb 02, 2017","1,300.60","1,300.60","1,300.60","1,300.60","1.51K","0.86%"
"Feb 01, 2017","1,289.50","1,289.00","1,291.00","1,289.00","0.00K","-0.18%"
"Jan 31, 2017","1,291.80","1,291.80","1,291.80","1,291.80","3.21K","1.21%"
"Jan 30, 2017","1,276.40","1,276.40","1,276.40","1,276.40","50.50K","0.37%"
"Jan 27, 2017","1,271.70","1,271.70","1,271.70","1,271.70","0.02K","-0.09%"
"Jan 26, 2017","1,272.90","1,275.10","1,275.10","1,275.10","0.01K","-0.64%"
"Jan 25, 2017","1,281.10","1,281.10","1,281.10","1,281.10","0.40K","-1.00%"
"Jan 24, 2017","1,294.10","1,299.60","1,299.60","1,295.40","0.01K","-0.37%"
"Jan 23, 2017","1,298.90","1,298.90","1,298.90","1,298.90","0.02K","0.75%"
"Jan 20, 2017","1,289.20","1,289.20","1,289.20","1,289.20","0.04K","0.29%"
"Jan 19, 2017","1,285.50","1,284.00","1,284.00","1,284.00","0.00K","-0.79%"
"Jan 18, 2017","1,295.70","1,295.70","1,295.70","1,295.70","0.11K","-0.13%"
"Jan 17, 2017","1,297.40","1,297.40","1,297.40","1,297.40","0.08K","7.86%"
"Jan 16, 2017","1,202.85","1,203.25","1,208.45","1,200.00","-","-0.04%"
"Jan 15, 2017","1,203.35","1,197.30","1,205.05","1,197.30","-","-6.08%"
"Jan 13, 2017","1,281.30","1,281.30","1,281.30","1,281.30","0.02K","-0.16%"
"Jan 12, 2017","1,283.30","1,283.30","1,283.30","1,283.30","0.11K","0.26%"
"Jan 11, 2017","1,280.00","1,280.00","1,280.00","1,280.00","0.02K","0.91%"
"Jan 10, 2017","1,268.50","1,268.50","1,268.50","1,268.50","0.00K","0.07%"
"Jan 09, 2017","1,267.60","1,262.80","1,262.80","1,262.80","0.00K","0.95%"
"Jan 06, 2017","1,255.70","1,256.00","1,256.00","1,256.00","0.01K","-0.51%"
"Jan 05, 2017","1,262.10","1,262.10","1,262.10","1,262.10","0.01K","1.20%"
"Jan 04, 2017","1,247.10","1,247.10","1,247.10","1,247.10","0.04K","0.19%"
"Jan 03, 2017","1,244.70","1,232.40","1,234.00","1,232.40","0.00K","8.14%"
"Jan 02, 2017","1,151.05","1,151.00","1,153.25","1,150.00","-","-6.76%"
"Dec 30, 2016","1,234.50","1,239.00","1,239.00","1,239.00","0.00K","-0.54%"
"Dec 29, 2016","1,241.20","1,241.20","1,241.20","1,241.20","0.95K","1.41%"
"Dec 28, 2016","1,224.00","1,224.00","1,224.00","1,224.00","0.21K","0.17%"
"Dec 27, 2016","1,221.90","1,221.90","1,221.90","1,221.90","0.00K","7.70%"
"Dec 26, 2016","1,134.55","1,135.00","1,136.05","1,134.00","-","-0.04%"
"Dec 25, 2016","1,135.00","1,135.00","1,135.00","1,135.00","-","-6.72%"
"Dec 23, 2016","1,216.80","1,216.80","1,216.80","1,216.80","0.00K","0.25%"
"Dec 22, 2016","1,213.80","1,213.80","1,213.80","1,213.80","0.10K","-0.22%"
"Dec 21, 2016","1,216.50","1,216.50","1,216.50","1,216.50","0.05K","-0.04%"
"Dec 20, 2016","1,217.00","1,217.00","1,217.00","1,217.00","0.00K","-0.73%"
"Dec 19, 2016","1,225.90","1,225.90","1,225.90","1,225.90","0.25K","0.41%"
"Dec 16, 2016","1,220.90","1,220.90","1,220.90","1,220.90","0.15K","0.64%"
"Dec 15, 2016","1,213.10","1,213.10","1,213.10","1,213.10","0.00K","-2.04%"
"Dec 14, 2016","1,238.30","1,238.30","1,238.30","1,238.30","0.01K","0.38%"
"Dec 13, 2016","1,233.60","1,233.60","1,233.60","1,233.60","0.64K","-0.54%"
"Dec 12, 2016","1,240.30","1,240.30","1,240.30","1,240.30","0.33K","0.35%"
"Dec 09, 2016","1,236.00","1,236.00","1,236.00","1,236.00","0.37K","-0.83%"
"Dec 08, 2016","1,246.40","1,246.40","1,246.40","1,246.40","0.32K","-0.34%"
"Dec 07, 2016","1,250.60","1,250.60","1,250.60","1,250.60","0.18K","1.26%"
"Dec 06, 2016","1,235.00","1,235.00","1,235.00","1,235.00","0.65K","-0.54%"
"Dec 05, 2016","1,241.70","1,236.70","1,236.70","1,236.70","0.00K","-0.06%"
"Dec 02, 2016","1,242.40","1,242.40","1,242.40","1,242.40","1.52K","0.71%"
"Dec 01, 2016","1,233.70","1,233.70","1,233.70","1,233.70","1.59K","-0.38%"
"Nov 30, 2016","1,238.40","1,238.40","1,238.40","1,238.40","7.16K","-1.36%"
"Nov 29, 2016","1,255.50","1,255.50","1,255.50","1,255.50","42.12K","-0.25%"
"Nov 28, 2016","1,258.60","1,258.60","1,258.60","1,258.60","0.02K","1.05%"
"Nov 25, 2016","1,245.50","1,245.50","1,245.50","1,245.50","0.01K","5.06%"
"Nov 24, 2016","1,185.55","1,189.20","1,190.30","1,179.75","-","-5.68%"
"Nov 23, 2016","1,256.90","1,256.90","1,256.90","1,256.90","0.31K","-1.65%"
"Nov 22, 2016","1,278.00","1,278.00","1,278.00","1,278.00","0.02K","0.09%"
"Nov 21, 2016","1,276.80","1,276.80","1,276.80","1,276.80","-","0.03%"
"Nov 18, 2016","1,276.40","1,276.40","1,276.40","1,276.40","0.61K","-0.58%"
"Nov 17, 2016","1,283.80","1,283.80","1,283.80","1,283.80","1.14K","-0.50%"
"Nov 16, 2016","1,290.30","1,290.30","1,290.30","1,290.30","0.07K","-0.05%"
"Nov 15, 2016","1,290.90","1,290.90","1,290.90","1,290.90","0.02K","0.31%"
"Nov 14, 2016","1,286.90","1,286.90","1,286.90","1,286.90","0.00K","0.33%"
"Nov 11, 2016","1,282.70","1,282.70","1,282.70","1,282.70","0.60K","-3.31%"
"Nov 10, 2016","1,326.60","1,326.60","1,326.60","1,326.60","0.06K","-0.68%"
"Nov 09, 2016","1,335.70","1,334.00","1,334.00","1,334.00","0.00K","-0.04%"
"Nov 08, 2016","1,336.20","1,336.20","1,336.20","1,336.20","0.05K","-0.31%"
"Nov 07, 2016","1,340.40","1,340.40","1,340.40","1,340.40","0.03K","-1.85%"
"Nov 04, 2016","1,365.70","1,365.70","1,365.70","1,365.70","0.01K","0.14%"
"Nov 03, 2016","1,363.80","1,363.80","1,363.80","1,363.80","0.07K","-0.31%"
"Nov 02, 2016","1,368.00","1,368.00","1,368.00","1,368.00","0.03K","1.48%"
"Nov 01, 2016","1,348.00","1,348.00","1,348.00","1,348.00","0.15K","1.07%"
"Oct 31, 2016","1,333.70","1,333.70","1,333.70","1,333.70","0.06K","-0.25%"
"Oct 28, 2016","1,337.10","1,337.10","1,337.10","1,337.10","0.56K","0.53%"
"Oct 27, 2016","1,330.00","1,330.00","1,330.00","1,330.00","0.00K","0.41%"
"Oct 26, 2016","1,324.60","1,324.60","1,324.60","1,324.60","0.28K","-0.53%"
"Oct 25, 2016","1,331.60","1,331.60","1,331.60","1,331.60","0.06K","1.09%"
"Oct 24, 2016","1,317.20","1,317.20","1,317.20","1,317.20","0.04K","-0.44%"
"Oct 21, 2016","1,323.00","1,323.00","1,323.00","1,323.00","0.22K","-0.04%"
"Oct 20, 2016","1,323.50","1,323.50","1,323.50","1,323.50","0.42K","-0.13%"
"Oct 19, 2016","1,325.20","1,325.20","1,325.20","1,325.20","0.22K","0.50%"
"Oct 18, 2016","1,318.60","1,318.60","1,318.60","1,318.60","0.01K","0.52%"
"Oct 17, 2016","1,311.80","1,311.80","1,311.80","1,311.80","0.04K","0.11%"
"Oct 14, 2016","1,310.40","1,310.40","1,310.40","1,310.40","0.31K","-0.14%"
"Oct 13, 2016","1,312.30","1,312.30","1,312.30","1,312.30","0.32K","0.35%"
"Oct 12, 2016","1,307.70","1,307.70","1,307.70","1,307.70","0.13K","-0.14%"
"Oct 11, 2016","1,309.50","1,309.50","1,309.50","1,309.50","0.03K","-0.33%"
"Oct 10, 2016","1,313.90","1,313.90","1,313.90","1,313.90","0.03K","0.72%"
"Oct 07, 2016","1,304.50","1,304.50","1,304.50","1,304.50","0.17K","-0.08%"
"Oct 06, 2016","1,305.50","1,305.50","1,305.50","1,305.50","0.11K","-1.20%"
"Oct 05, 2016","1,321.30","1,321.30","1,321.30","1,321.30","0.25K","-0.06%"
"Oct 04, 2016","1,322.10","1,322.10","1,322.10","1,322.10","1.89K","-3.21%"
"Oct 03, 2016","1,365.90","1,365.90","1,365.90","1,365.90","0.30K","-0.33%"
"Sep 30, 2016","1,370.40","1,383.50","1,383.50","1,383.50","0.00K","-0.63%"
"Sep 29, 2016","1,379.10","1,379.10","1,379.10","1,379.10","6.11K","0.17%"
"Sep 28, 2016","1,376.70","1,376.70","1,376.70","1,376.70","0.03K","-0.56%"
"Sep 27, 2016","1,384.40","1,384.40","1,384.40","1,384.40","0.05K","-1.02%"
"Sep 26, 2016","1,398.60","1,398.60","1,398.60","1,398.60","0.03K","0.19%"
"Sep 23, 2016","1,396.00","1,396.00","1,396.00","1,396.00","0.04K","-0.23%"
"Sep 22, 2016","1,399.20","1,399.20","1,399.20","1,399.20","0.02K","0.79%"
"Sep 21, 2016","1,388.30","1,388.30","1,388.30","1,388.30","0.08K","0.99%"
"Sep 20, 2016","1,374.70","1,374.70","1,374.70","1,374.70","0.10K","0.02%"
"Sep 19, 2016","1,374.40","1,374.40","1,374.40","1,374.40","0.02K","0.53%"
"Sep 16, 2016","1,367.10","1,367.10","1,367.10","1,367.10","0.00K","-0.57%"
"Sep 15, 2016","1,374.90","1,379.30","1,379.30","1,378.00","0.00K","-0.61%"
"Sep 14, 2016","1,383.30","1,386.70","1,386.70","1,379.20","0.01K","0.18%"
"Sep 13, 2016","1,380.80","1,380.80","1,380.80","1,380.80","0.25K","-0.26%"
"Sep 12, 2016","1,384.40","1,384.40","1,384.40","1,384.40","0.18K","-0.62%"
"Sep 09, 2016","1,393.10","1,393.10","1,393.10","1,393.10","0.04K","-0.51%"
"Sep 08, 2016","1,400.20","1,400.20","1,400.20","1,400.20","0.03K","-0.49%"
"Sep 07, 2016","1,407.10","1,407.10","1,407.10","1,407.10","0.01K","-0.28%"
"Sep 06, 2016","1,411.10","1,411.10","1,411.10","1,411.10","0.05K","6.01%"
"Sep 05, 2016","1,331.10","1,326.35","1,332.15","1,325.55","-","0.37%"
"Sep 04, 2016","1,326.25","1,328.20","1,328.75","1,326.15","-","-4.26%"
"Sep 02, 2016","1,385.30","1,385.30","1,385.30","1,385.30","0.06K","0.93%"
"Sep 01, 2016","1,372.60","1,372.60","1,372.60","1,372.60","0.23K","0.34%"
"Aug 31, 2016","1,367.90","1,367.90","1,367.90","1,367.90","0.21K","-0.48%"
"Aug 30, 2016","1,374.50","1,374.50","1,374.50","1,374.50","0.71K","-0.72%"
"Aug 29, 2016","1,384.40","1,384.40","1,384.40","1,384.40","0.04K","0.09%"
"Aug 26, 2016","1,383.20","1,383.20","1,383.20","1,383.20","0.14K","-0.06%"
"Aug 25, 2016","1,384.00","1,384.40","1,384.40","1,384.40","0.00K","-0.46%"
"Aug 24, 2016","1,390.40","1,389.00","1,389.00","1,389.00","0.00K","-1.24%"
"Aug 23, 2016","1,407.80","1,407.80","1,407.80","1,407.80","0.55K","0.19%"
"Aug 22, 2016","1,405.20","1,405.20","1,405.20","1,405.20","0.12K","-0.20%"
"Aug 19, 2016","1,408.00","1,408.00","1,408.00","1,408.00","0.20K","-0.78%"
"Aug 18, 2016","1,419.10","1,419.10","1,419.10","1,419.10","0.14K","0.60%"
"Aug 17, 2016","1,410.60","1,410.60","1,410.60","1,410.60","0.14K","-0.59%"
"Aug 16, 2016","1,419.00","1,410.70","1,410.70","1,410.70","0.00K","0.60%"
"Aug 15, 2016","1,410.60","1,410.60","1,410.60","1,410.60","0.00K","0.27%"
"Aug 12, 2016","1,406.80","1,406.80","1,406.80","1,406.80","0.11K","-0.51%"
"Aug 11, 2016","1,414.00","1,414.00","1,414.00","1,414.00","0.67K","-0.11%"
"Aug 10, 2016","1,415.60","1,415.60","1,415.60","1,415.60","0.11K","0.35%"
"Aug 09, 2016","1,410.60","1,409.90","1,409.90","1,409.90","0.00K","0.38%"
"Aug 08, 2016","1,405.30","1,405.30","1,405.30","1,405.30","0.59K","-0.18%"
"Aug 05, 2016","1,407.90","1,407.90","1,407.90","1,407.90","1.11K","-1.40%"
"Aug 04, 2016","1,427.90","1,427.90","1,427.90","1,427.90","0.38K","0.28%"
"Aug 03, 2016","1,423.90","1,423.90","1,423.90","1,423.90","0.72K","-0.38%"
"Aug 02, 2016","1,429.40","1,429.40","1,429.40","1,429.40","0.05K","0.93%"
"Aug 01, 2016","1,416.20","1,416.20","1,416.20","1,416.20","0.00K","0.04%"
"Jul 29, 2016","1,415.70","1,415.70","1,415.70","1,415.70","6.08K","1.21%"
"Jul 28, 2016","1,398.80","1,402.80","1,402.80","1,402.80","0.00K","0.49%"
"Jul 27, 2016","1,392.00","1,392.00","1,392.00","1,392.00","0.00K","0.68%"
"Jul 26, 2016","1,382.60","1,382.60","1,382.60","1,382.60","0.05K","0.09%"
"Jul 25, 2016","1,381.30","1,381.30","1,381.30","1,381.30","0.55K","-0.30%"
"Jul 22, 2016","1,385.50","1,385.50","1,385.50","1,385.50","0.06K","-0.48%"
"Jul 21, 2016","1,392.20","1,392.20","1,392.20","1,392.20","0.32K","0.91%"
"Jul 20, 2016","1,379.70","1,379.70","1,379.70","1,379.70","0.75K","-0.90%"
"Jul 19, 2016","1,392.30","1,392.30","1,392.30","1,392.30","0.35K","0.50%"
"Jul 18, 2016","1,385.40","1,385.40","1,385.40","1,385.40","0.05K","0.14%"
"Jul 15, 2016","1,383.50","1,383.50","1,383.50","1,383.50","0.05K","-0.30%"
"Jul 14, 2016","1,387.70","1,387.70","1,387.70","1,387.70","0.02K","-0.81%"
"Jul 13, 2016","1,399.00","1,399.00","1,399.00","1,399.00","0.00K","0.60%"
"Jul 12, 2016","1,390.70","1,390.70","1,390.70","1,390.70","0.25K","-1.46%"
"Jul 11, 2016","1,411.30","1,411.30","1,411.30","1,411.30","0.03K","-0.05%"
"Jul 08, 2016","1,412.00","1,412.00","1,412.00","1,412.00","0.25K","-0.21%"
"Jul 07, 2016","1,415.00","1,415.00","1,415.00","1,415.00","0.21K","-0.55%"
"Jul 06, 2016","1,422.80","1,422.80","1,422.80","1,422.80","0.00K","0.59%"
"Jul 05, 2016","1,414.40","1,414.40","1,414.40","1,414.40","0.00K","4.62%"
"Jul 04, 2016","1,352.00","1,345.00","1,360.15","1,343.00","-","0.48%"
"Jul 03, 2016","1,345.50","1,344.50","1,347.55","1,338.85","-","-3.50%"
"Jul 01, 2016","1,394.30","1,394.30","1,394.30","1,394.30","0.00K","1.40%"
"Jun 30, 2016","1,375.00","1,375.00","1,375.00","1,375.00","0.56K","-0.46%"
"Jun 29, 2016","1,381.40","1,381.40","1,381.40","1,381.40","0.41K","0.67%"
"Jun 28, 2016","1,372.20","1,372.20","1,372.20","1,372.20","0.02K","-0.48%"
"Jun 27, 2016","1,378.80","1,378.80","1,378.80","1,378.80","0.09K","0.15%"
"Jun 24, 2016","1,376.80","1,376.80","1,376.80","1,376.80","0.69K","4.49%"
"Jun 23, 2016","1,317.70","1,317.70","1,317.70","1,317.70","0.22K","-0.33%"
"Jun 22, 2016","1,322.10","1,322.10","1,322.10","1,322.10","0.05K","-0.19%"
"Jun 21, 2016","1,324.60","1,324.60","1,324.60","1,324.60","0.13K","-1.46%"
"Jun 20, 2016","1,344.20","1,344.20","1,344.20","1,344.20","0.05K","0.10%"
"Jun 17, 2016","1,342.90","1,342.90","1,342.90","1,342.90","0.13K","-0.20%"
"Jun 16, 2016","1,345.60","1,345.60","1,345.60","1,345.60","0.25K","0.79%"
"Jun 15, 2016","1,335.00","1,335.00","1,335.00","1,335.00","0.00K","-0.01%"
"Jun 14, 2016","1,335.20","1,335.20","1,335.20","1,335.20","0.55K","-0.19%"
"Jun 13, 2016","1,337.70","1,337.70","1,337.70","1,337.70","0.33K","0.75%"
"Jun 10, 2016","1,327.70","1,327.70","1,327.70","1,327.70","0.01K","0.25%"
"Jun 09, 2016","1,324.40","1,324.40","1,324.40","1,324.40","0.38K","0.79%"
"Jun 08, 2016","1,314.00","1,314.00","1,314.00","1,314.00","0.41K","1.17%"
"Jun 07, 2016","1,298.80","1,298.80","1,298.80","1,298.80","0.28K","-0.05%"
"Jun 06, 2016","1,299.40","1,299.40","1,299.40","1,299.40","1.14K","0.37%"
"Jun 03, 2016","1,294.60","1,294.60","1,294.60","1,294.60","0.00K","2.35%"
"Jun 02, 2016","1,264.90","1,264.90","1,264.90","1,264.90","1.63K","-0.18%"
"Jun 01, 2016","1,267.20","1,267.20","1,267.20","1,267.20","2.72K","-0.17%"
"May 31, 2016","1,269.30","1,269.30","1,269.30","1,269.30","6.43K","4.71%"
"May 30, 2016","1,212.15","1,208.25","1,213.15","1,201.80","-","-4.37%"
"May 27, 2016","1,267.60","1,267.60","1,267.60","1,267.60","63.74K","-0.47%"
"May 26, 2016","1,273.60","1,273.60","1,273.60","1,273.60","0.00K","-0.30%"
"May 25, 2016","1,277.40","1,277.40","1,277.40","1,277.40","0.01K","-0.41%"
"May 24, 2016","1,282.70","1,282.70","1,282.70","1,282.70","0.02K","-1.70%"
"May 23, 2016","1,304.90","1,304.90","1,304.90","1,304.90","0.06K","-0.08%"
"May 20, 2016","1,305.90","1,305.90","1,305.90","1,305.90","0.04K","0.00%"
"May 19, 2016","1,305.90","1,305.90","1,305.90","1,305.90","0.07K","-1.39%"
"May 18, 2016","1,324.30","1,324.30","1,324.30","1,324.30","0.02K","-0.05%"
"May 17, 2016","1,324.90","1,324.90","1,324.90","1,324.90","0.02K","0.23%"
"May 16, 2016","1,321.80","1,321.80","1,321.80","1,321.80","0.04K","0.17%"
"May 13, 2016","1,319.50","1,319.50","1,319.50","1,319.50","0.07K","0.14%"
"May 12, 2016","1,317.70","1,317.70","1,317.70","1,317.70","0.10K","-0.37%"
"May 11, 2016","1,322.60","1,322.60","1,322.60","1,322.60","0.01K","0.86%"
"May 10, 2016","1,311.30","1,311.30","1,311.30","1,311.30","0.02K","-0.12%"
"May 09, 2016","1,312.90","1,312.90","1,312.90","1,312.90","0.34K","-2.03%"
"May 06, 2016","1,340.10","1,340.10","1,340.10","1,340.10","0.31K","1.69%"
"May 05, 2016","1,317.80","1,317.80","1,317.80","1,317.80","0.33K","-0.49%"
"May 04, 2016","1,324.30","1,324.30","1,324.30","1,324.30","0.11K","-1.38%"
"May 03, 2016","1,342.80","1,342.80","1,342.80","1,342.80","0.00K","-0.33%"
"May 02, 2016","1,347.30","1,347.30","1,347.30","1,347.30","0.19K","0.44%"
"Apr 29, 2016","1,341.40","1,341.40","1,341.40","1,341.40","0.46K","1.87%"
"Apr 28, 2016","1,316.80","1,316.80","1,316.80","1,316.80","0.30K","1.31%"
"Apr 27, 2016","1,299.80","1,299.80","1,299.80","1,299.80","0.04K","0.57%"
"Apr 26, 2016","1,292.40","1,292.40","1,292.40","1,292.40","0.10K","0.26%"
"Apr 25, 2016","1,289.10","1,289.10","1,289.10","1,289.10","0.44K","0.81%"
"Apr 22, 2016","1,278.80","1,278.80","1,278.80","1,278.80","0.19K","-1.59%"
"Apr 21, 2016","1,299.50","1,299.50","1,299.50","1,299.50","0.12K","-0.22%"
"Apr 20, 2016","1,302.30","1,302.30","1,302.30","1,302.30","0.18K","0.12%"
"Apr 19, 2016","1,300.80","1,300.80","1,300.80","1,300.80","0.39K","1.60%"
"Apr 18, 2016","1,280.30","1,280.30","1,280.30","1,280.30","0.00K","0.05%"
"Apr 15, 2016","1,279.70","1,279.70","1,279.70","1,279.70","0.10K","0.60%"
"Apr 14, 2016","1,272.10","1,272.10","1,272.10","1,272.10","0.26K","-1.68%"
"Apr 13, 2016","1,293.90","1,293.90","1,293.90","1,293.90","0.20K","-0.96%"
"Apr 12, 2016","1,306.40","1,306.40","1,306.40","1,306.40","0.19K","0.31%"
"Apr 11, 2016","1,302.40","1,302.40","1,302.40","1,302.40","0.44K","1.17%"
"Apr 08, 2016","1,287.30","1,287.30","1,287.30","1,287.30","0.41K","0.39%"
"Apr 07, 2016","1,282.30","1,282.30","1,282.30","1,282.30","0.38K","1.06%"
"Apr 06, 2016","1,268.80","1,268.80","1,268.80","1,268.80","0.25K","-0.45%"
"Apr 05, 2016","1,274.50","1,274.50","1,274.50","1,274.50","0.48K","0.77%"
"Apr 04, 2016","1,264.70","1,264.70","1,264.70","1,264.70","2.04K","-0.33%"
"Apr 01, 2016","1,268.90","1,268.90","1,268.90","1,268.90","1.60K","-0.94%"
"Mar 31, 2016","1,280.90","1,280.90","1,280.90","1,280.90","3.38K","0.31%"
"Mar 30, 2016","1,276.90","1,276.90","1,276.90","1,276.90","48.25K","-0.73%"
"Mar 29, 2016","1,286.30","1,286.30","1,286.30","1,286.30","0.04K","1.23%"
"Mar 28, 2016","1,270.70","1,270.70","1,270.70","1,270.70","0.03K","4.44%"
"Mar 25, 2016","1,216.70","1,216.70","1,216.70","1,216.70","-","-4.38%"
"Mar 24, 2016","1,272.40","1,272.40","1,272.40","1,272.40","0.01K","-0.13%"
"Mar 23, 2016","1,274.00","1,299.00","1,299.00","1,269.70","0.01K","-1.91%"
"Mar 22, 2016","1,298.80","1,298.80","1,298.80","1,298.80","0.02K","0.47%"
"Mar 21, 2016","1,292.70","1,292.70","1,292.70","1,292.70","1.06K","-0.71%"
"Mar 18, 2016","1,302.00","1,302.00","1,302.00","1,302.00","0.00K","-0.92%"
"Mar 17, 2016","1,314.10","1,314.10","1,314.10","1,314.10","0.03K","2.59%"
"Mar 16, 2016","1,280.90","1,280.90","1,280.90","1,280.90","0.05K","0.05%"
"Mar 15, 2016","1,280.20","1,280.20","1,280.20","1,280.20","0.04K","-1.10%"
"Mar 14, 2016","1,294.40","1,285.00","1,286.40","1,285.00","0.00K","-1.09%"
"Mar 11, 2016","1,308.60","1,308.60","1,308.60","1,308.60","0.09K","-0.87%"
"Mar 10, 2016","1,320.10","1,299.00","1,299.00","1,299.00","0.00K","1.28%"
"Mar 09, 2016","1,303.40","1,304.00","1,304.00","1,304.00","0.00K","-0.43%"
"Mar 08, 2016","1,309.00","1,309.00","1,309.00","1,309.00","0.00K","-0.10%"
"Mar 07, 2016","1,310.30","1,310.30","1,310.30","1,310.30","0.07K","-0.40%"
"Mar 04, 2016","1,315.60","1,315.60","1,315.60","1,315.60","0.00K","1.15%"
"Mar 03, 2016","1,300.70","1,300.70","1,300.70","1,300.70","0.12K","1.38%"
"Mar 02, 2016","1,283.00","1,283.00","1,283.00","1,283.00","0.27K","0.93%"
"Mar 01, 2016","1,271.20","1,271.20","1,271.20","1,271.20","0.48K","-0.16%"
"Feb 29, 2016","1,273.30","1,273.30","1,273.30","1,273.30","0.58K","1.15%"
"Feb 26, 2016","1,258.80","1,258.80","1,258.80","1,258.80","0.66K","-1.43%"
"Feb 25, 2016","1,277.00","1,277.00","1,277.00","1,277.00","0.00K","-0.01%"
"Feb 24, 2016","1,277.10","1,277.10","1,277.10","1,277.10","0.11K","1.24%"
"Feb 23, 2016","1,261.40","1,261.40","1,261.40","1,261.40","0.35K","1.18%"
"Feb 22, 2016","1,246.70","1,246.00","1,246.00","1,246.00","0.00K","-1.63%"
"Feb 19, 2016","1,267.40","1,267.40","1,267.40","1,267.40","0.08K","0.39%"
"Feb 18, 2016","1,262.50","1,262.50","1,262.50","1,262.50","0.32K","1.23%"
"Feb 17, 2016","1,247.20","1,247.20","1,247.20","1,247.20","0.05K","0.49%"
"Feb 16, 2016","1,241.10","1,230.00","1,230.00","1,230.00","0.00K","2.73%"
"Feb 15, 2016","1,208.10","1,234.00","1,235.10","1,202.80","-","-2.07%"
"Feb 14, 2016","1,233.60","1,235.70","1,235.90","1,231.40","-","-2.96%"
"Feb 12, 2016","1,271.20","1,271.20","1,271.20","1,271.20","0.01K","-0.85%"
"Feb 11, 2016","1,282.10","1,269.00","1,269.00","1,269.00","0.00K","4.02%"
"Feb 10, 2016","1,232.60","1,232.60","1,232.60","1,232.60","0.67K","-0.35%"
"Feb 09, 2016","1,236.90","1,236.90","1,236.90","1,236.90","0.70K","-0.10%"
"Feb 08, 2016","1,238.20","1,243.80","1,243.80","1,243.80","0.00K","3.36%"
"Feb 05, 2016","1,198.00","1,220.40","1,220.40","1,220.40","0.00K","0.03%"
"Feb 04, 2016","1,197.70","1,197.70","1,197.70","1,197.70","0.77K","1.22%"
"Feb 03, 2016","1,183.30","1,183.30","1,183.30","1,183.30","1.63K","1.13%"
"Feb 02, 2016","1,170.10","1,170.10","1,170.10","1,170.10","1.23K","-0.29%"
"Feb 01, 2016","1,173.50","1,173.50","1,173.50","1,173.50","1.68K","1.00%"
"Jan 29, 2016","1,161.90","1,161.90","1,161.90","1,161.90","0.00K","-0.15%"
"Jan 28, 2016","1,163.70","1,163.70","1,163.70","1,163.70","52.86K","-0.02%"
"Jan 27, 2016","1,163.90","1,163.90","1,163.90","1,163.90","0.01K","-0.29%"
"Jan 26, 2016","1,167.30","1,167.30","1,167.30","1,167.30","0.18K","1.29%"
"Jan 25, 2016","1,152.40","1,152.40","1,152.40","1,152.40","0.01K","0.86%"
"Jan 22, 2016","1,142.60","1,142.60","1,142.60","1,142.60","0.00K","-0.09%"
"Jan 21, 2016","1,143.60","1,143.60","1,143.60","1,143.60","0.02K","-0.70%"
"Jan 20, 2016","1,151.70","1,151.70","1,151.70","1,151.70","0.03K","1.40%"
"Jan 19, 2016","1,135.80","1,135.80","1,135.80","1,135.80","0.02K","4.35%"
"Jan 18, 2016","1,088.50","1,090.20","1,093.30","1,087.40","-","-0.17%"
"Jan 17, 2016","1,090.30","1,088.60","1,090.80","1,088.60","-","-4.15%"
"Jan 15, 2016","1,137.50","1,137.50","1,137.50","1,137.50","0.04K","1.29%"
"Jan 14, 2016","1,123.00","1,123.00","1,123.00","1,123.00","0.06K","-1.27%"
"Jan 13, 2016","1,137.40","1,137.40","1,137.40","1,137.40","0.05K","0.03%"
"Jan 12, 2016","1,137.10","1,137.10","1,137.10","1,137.10","0.09K","-0.99%"
"Jan 11, 2016","1,148.50","1,148.50","1,148.50","1,148.50","0.04K","-0.28%"
"Jan 08, 2016","1,151.70","1,151.70","1,151.70","1,151.70","0.10K","-0.95%"
"Jan 07, 2016","1,162.70","1,162.70","1,162.70","1,162.70","0.12K","0.94%"
"Jan 06, 2016","1,151.90","1,151.90","1,151.90","1,151.90","0.05K","1.19%"
"Jan 05, 2016","1,138.40","1,138.40","1,138.40","1,138.40","0.08K","0.26%"
"Jan 04, 2016","1,135.50","1,135.50","1,135.50","1,135.50","0.14K","1.29%"
"Dec 31, 2015","1,121.00","1,121.00","1,121.00","1,121.00","0.01K","0.02%"
"Dec 30, 2015","1,120.80","1,120.80","1,120.80","1,120.80","0.00K","-0.69%"
"Dec 29, 2015","1,128.60","1,128.60","1,128.60","1,128.60","0.00K","0.04%"
"Dec 28, 2015","1,128.10","1,128.10","1,128.10","1,128.10","0.36K","-0.69%"
"Dec 24, 2015","1,135.90","1,135.90","1,135.90","1,135.90","0.02K","0.68%"
"Dec 23, 2015","1,128.20","1,128.20","1,128.20","1,128.20","0.20K","-0.51%"
"Dec 22, 2015","1,134.00","1,134.00","1,134.00","1,134.00","0.11K","-0.57%"
"Dec 21, 2015","1,140.50","1,140.50","1,140.50","1,140.50","0.00K","1.53%"
"Dec 18, 2015","1,123.30","1,123.30","1,123.30","1,123.30","0.25K","1.37%"
"Dec 17, 2015","1,108.10","1,108.10","1,108.10","1,108.10","0.06K","-2.40%"
"Dec 16, 2015","1,135.30","1,135.30","1,135.30","1,135.30","0.08K","1.38%"
"Dec 15, 2015","1,119.80","1,119.80","1,119.80","1,119.80","0.22K","-0.14%"
"Dec 14, 2015","1,121.40","1,121.40","1,121.40","1,121.40","0.51K","-1.09%"
"Dec 11, 2015","1,133.80","1,133.80","1,133.80","1,133.80","0.41K","0.31%"
"Dec 10, 2015","1,130.30","1,130.30","1,130.30","1,130.30","0.23K","-0.41%"
"Dec 09, 2015","1,134.90","1,134.90","1,134.90","1,134.90","0.39K","0.08%"
"Dec 08, 2015","1,134.00","1,134.00","1,134.00","1,134.00","0.31K","-0.03%"
"Dec 07, 2015","1,134.30","1,134.30","1,134.30","1,134.30","0.66K","-0.78%"
"Dec 04, 2015","1,143.20","1,143.20","1,143.20","1,143.20","0.89K","2.02%"
"Dec 03, 2015","1,120.60","1,120.60","1,120.60","1,120.60","1.16K","0.74%"
"Dec 02, 2015","1,112.40","1,112.40","1,112.40","1,112.40","0.50K","-0.86%"
"Dec 01, 2015","1,122.00","1,122.00","1,122.00","1,122.00","3.44K","-0.17%"
"Nov 30, 2015","1,123.90","1,123.90","1,123.90","1,123.90","4.60K","0.84%"
"Nov 27, 2015","1,114.50","1,114.50","1,114.50","1,114.50","52.13K","4.08%"
"Nov 26, 2015","1,070.80","1,070.10","1,074.20","1,069.20","-","-5.10%"
"Nov 25, 2015","1,128.40","1,128.40","1,128.40","1,128.40","0.06K","-0.28%"
"Nov 24, 2015","1,131.60","1,131.60","1,131.60","1,131.60","0.22K","0.61%"
"Nov 23, 2015","1,124.70","1,124.70","1,124.70","1,124.70","0.06K","-0.80%"
"Nov 20, 2015","1,133.80","1,133.80","1,133.80","1,133.80","0.01K","-0.16%"
"Nov 19, 2015","1,135.60","1,135.20","1,135.20","1,135.20","0.00K","0.77%"
"Nov 18, 2015","1,126.90","1,126.90","1,126.90","1,126.90","0.01K","0.00%"
"Nov 17, 2015","1,126.90","1,131.00","1,138.40","1,131.00","0.01K","-1.37%"
"Nov 16, 2015","1,142.50","1,142.50","1,142.50","1,142.50","0.00K","0.11%"
"Nov 13, 2015","1,141.30","1,141.30","1,141.30","1,141.30","0.02K","0.00%"
"Nov 12, 2015","1,141.30","1,141.30","1,141.30","1,141.30","0.00K","-0.36%"
"Nov 11, 2015","1,145.40","1,145.40","1,145.40","1,145.40","0.00K","-0.35%"
"Nov 10, 2015","1,149.40","1,149.40","1,149.40","1,149.40","0.02K","0.02%"
"Nov 09, 2015","1,149.20","1,149.20","1,149.20","1,149.20","0.00K","0.11%"
"Nov 06, 2015","1,147.90","1,147.90","1,147.90","1,147.90","0.08K","-1.05%"
"Nov 05, 2015","1,160.10","1,160.10","1,160.10","1,160.10","0.08K","-0.09%"
"Nov 04, 2015","1,161.20","1,161.20","1,161.20","1,161.20","0.14K","-0.63%"
"Nov 03, 2015","1,168.60","1,168.60","1,168.60","1,168.60","0.19K","-1.83%"
"Nov 02, 2015","1,190.40","1,190.40","1,190.40","1,190.40","0.18K","-0.40%"
"Oct 30, 2015","1,195.20","1,195.20","1,195.20","1,195.20","0.25K","-0.55%"
"Oct 29, 2015","1,201.80","1,201.80","1,201.80","1,201.80","0.33K","-2.24%"
"Oct 28, 2015","1,229.30","1,229.30","1,229.30","1,229.30","0.00K","0.91%"
"Oct 27, 2015","1,218.20","1,218.20","1,218.20","1,218.20","0.30K","-0.17%"
"Oct 26, 2015","1,220.30","1,220.30","1,220.30","1,220.30","0.18K","0.13%"
"Oct 23, 2015","1,218.70","1,218.70","1,218.70","1,218.70","0.15K","-0.77%"
"Oct 22, 2015","1,228.20","1,228.20","1,228.20","1,228.20","0.05K","-0.12%"
"Oct 21, 2015","1,229.70","1,229.70","1,229.70","1,229.70","0.04K","-0.90%"
"Oct 20, 2015","1,240.90","1,240.90","1,240.90","1,240.90","0.02K","0.37%"
"Oct 19, 2015","1,236.30","1,236.30","1,236.30","1,236.30","0.06K","-0.83%"
"Oct 16, 2015","1,246.60","1,246.60","1,246.60","1,246.60","0.24K","-0.38%"
"Oct 15, 2015","1,251.40","1,251.40","1,251.40","1,251.40","0.14K","0.63%"
"Oct 14, 2015","1,243.60","1,243.60","1,243.60","1,243.60","0.14K","0.97%"
"Oct 13, 2015","1,231.70","1,231.70","1,231.70","1,231.70","0.13K","0.05%"
"Oct 12, 2015","1,231.10","1,231.10","1,231.10","1,231.10","0.04K","0.71%"
"Oct 09, 2015","1,222.40","1,222.40","1,222.40","1,222.40","0.02K","1.03%"
"Oct 08, 2015","1,209.90","1,209.90","1,209.90","1,209.90","0.14K","-0.34%"
"Oct 07, 2015","1,214.00","1,214.00","1,214.00","1,214.00","0.10K","0.22%"
"Oct 06, 2015","1,211.30","1,211.30","1,211.30","1,211.30","0.15K","0.65%"
"Oct 05, 2015","1,203.50","1,203.50","1,203.50","1,203.50","0.23K","-0.06%"
"Oct 02, 2015","1,204.20","1,204.20","1,204.20","1,204.20","0.32K","1.87%"
"Oct 01, 2015","1,182.10","1,182.10","1,182.10","1,182.10","1.18K","-0.13%"
"Sep 30, 2015","1,183.60","1,183.60","1,183.60","1,183.60","0.87K","-1.29%"
"Sep 29, 2015","1,199.10","1,199.10","1,199.10","1,199.10","2.42K","-0.44%"
"Sep 28, 2015","1,204.40","1,204.40","1,204.40","1,204.40","0.01K","-1.18%"
"Sep 25, 2015","1,218.80","1,218.80","1,218.80","1,218.80","0.06K","-0.66%"
"Sep 24, 2015","1,226.90","1,226.90","1,226.90","1,226.90","0.04K","1.71%"
"Sep 23, 2015","1,206.30","1,206.30","1,206.30","1,206.30","0.03K","0.56%"
"Sep 22, 2015","1,199.60","1,199.60","1,199.60","1,199.60","0.04K","-0.81%"
"Sep 21, 2015","1,209.40","1,209.40","1,209.40","1,209.40","0.00K","-0.39%"
"Sep 18, 2015","1,214.10","1,214.10","1,214.10","1,214.10","0.06K","1.61%"
"Sep 17, 2015","1,194.90","1,194.90","1,194.90","1,194.90","0.01K","-0.12%"
"Sep 16, 2015","1,196.30","1,188.40","1,188.40","1,188.40","0.00K","1.34%"
"Sep 15, 2015","1,180.50","1,180.50","1,180.50","1,180.50","0.01K","-0.44%"
"Sep 14, 2015","1,185.70","1,185.70","1,185.70","1,185.70","0.02K","0.32%"
"Sep 11, 2015","1,181.90","1,181.90","1,181.90","1,181.90","0.08K","-0.51%"
"Sep 10, 2015","1,187.90","1,187.90","1,187.90","1,187.90","0.06K","0.61%"
"Sep 09, 2015","1,180.70","1,180.70","1,180.70","1,180.70","0.25K","-1.60%"
"Sep 08, 2015","1,199.90","1,199.90","1,199.90","1,199.90","0.14K","7.14%"
"Sep 07, 2015","1,119.90","1,119.50","1,124.00","1,115.20","-","0.00%"
"Sep 06, 2015","1,119.90","1,122.30","1,123.10","1,119.60","-","-6.71%"
"Sep 04, 2015","1,200.50","1,200.50","1,200.50","1,200.50","0.05K","-0.25%"
"Sep 03, 2015","1,203.50","1,203.50","1,203.50","1,203.50","0.12K","-0.90%"
"Sep 02, 2015","1,214.40","1,214.40","1,214.40","1,214.40","0.20K","-0.56%"
"Sep 01, 2015","1,221.30","1,221.30","1,221.30","1,221.30","0.38K","0.36%"
"Aug 31, 2015","1,216.90","1,216.90","1,216.90","1,216.90","0.19K","-0.12%"
"Aug 28, 2015","1,218.40","1,218.40","1,218.40","1,218.40","0.28K","0.93%"
"Aug 27, 2015","1,207.20","1,207.20","1,207.20","1,207.20","0.13K","-0.15%"
"Aug 26, 2015","1,209.00","1,209.00","1,209.00","1,209.00","0.12K","-1.20%"
"Aug 25, 2015","1,223.70","1,223.70","1,223.70","1,223.70","0.22K","-1.23%"
"Aug 24, 2015","1,238.90","1,238.90","1,238.90","1,238.90","0.30K","-0.63%"
"Aug 21, 2015","1,246.80","1,246.80","1,246.80","1,246.80","0.26K","0.37%"
"Aug 20, 2015","1,242.20","1,242.20","1,242.20","1,242.20","0.41K","2.06%"
"Aug 19, 2015","1,217.10","1,217.10","1,217.10","1,217.10","0.35K","0.90%"
"Aug 18, 2015","1,206.30","1,206.30","1,206.30","1,206.30","0.48K","-0.13%"
"Aug 17, 2015","1,207.90","1,207.90","1,207.90","1,207.90","0.01K","0.47%"
"Aug 14, 2015","1,202.30","1,202.30","1,202.30","1,202.30","0.91K","-0.23%"
"Aug 13, 2015","1,205.10","1,205.10","1,205.10","1,205.10","0.44K","-0.65%"
"Aug 12, 2015","1,213.00","1,213.00","1,213.00","1,213.00","0.80K","1.28%"
"Aug 11, 2015","1,197.70","1,197.70","1,197.70","1,197.70","0.00K","0.16%"
"Aug 10, 2015","1,195.80","1,195.80","1,195.80","1,195.80","0.90K","0.84%"
"Aug 07, 2015","1,185.80","1,185.80","1,185.80","1,185.80","0.61K","0.36%"
"Aug 06, 2015","1,181.60","1,181.60","1,181.60","1,181.60","0.27K","0.38%"
"Aug 05, 2015","1,177.10","1,177.10","1,177.10","1,177.10","1.21K","-0.14%"
"Aug 04, 2015","1,178.70","1,178.70","1,178.70","1,178.70","1.14K","0.16%"
"Aug 03, 2015","1,176.80","1,176.80","1,176.80","1,176.80","2.42K","-0.53%"
"Jul 31, 2015","1,183.10","1,183.10","1,183.10","1,183.10","5.70K","-0.03%"
"Jul 30, 2015","1,183.40","1,183.40","1,183.40","1,183.40","49.30K","-0.35%"
"Jul 29, 2015","1,187.50","1,187.50","1,187.50","1,187.50","0.01K","-0.26%"
"Jul 28, 2015","1,190.60","1,190.60","1,190.60","1,190.60","0.03K","0.00%"
"Jul 27, 2015","1,190.60","1,190.60","1,190.60","1,190.60","0.02K","0.90%"
"Jul 24, 2015","1,180.00","1,180.00","1,180.00","1,180.00","0.05K","-0.85%"
"Jul 23, 2015","1,190.10","1,190.10","1,190.10","1,190.10","0.06K","0.21%"
"Jul 22, 2015","1,187.60","1,187.60","1,187.60","1,187.60","0.05K","-0.99%"
"Jul 21, 2015","1,199.50","1,199.50","1,199.50","1,199.50","0.12K","-0.50%"
"Jul 20, 2015","1,205.50","1,205.50","1,205.50","1,205.50","0.19K","-2.05%"
"Jul 17, 2015","1,230.70","1,230.70","1,230.70","1,230.70","0.12K","-1.01%"
"Jul 16, 2015","1,243.20","1,243.20","1,243.20","1,243.20","0.01K","-0.25%"
"Jul 15, 2015","1,246.30","1,246.30","1,246.30","1,246.30","0.02K","-0.49%"
"Jul 14, 2015","1,252.40","1,252.40","1,252.40","1,252.40","0.04K","-0.21%"
"Jul 13, 2015","1,255.00","1,255.00","1,255.00","1,255.00","0.01K","-0.13%"
"Jul 10, 2015","1,256.60","1,256.60","1,256.60","1,256.60","0.00K","0.12%"
"Jul 09, 2015","1,255.10","1,255.10","1,255.10","1,255.10","0.07K","-0.28%"
"Jul 08, 2015","1,258.60","1,258.60","1,258.60","1,258.60","0.07K","0.73%"
"Jul 07, 2015","1,249.50","1,249.50","1,249.50","1,249.50","0.47K","-1.66%"
"Jul 06, 2015","1,270.60","1,270.60","1,270.60","1,270.60","0.63K","8.80%"
"Jul 03, 2015","1,167.80","1,164.70","1,169.00","1,164.60","-","-7.43%"
"Jul 02, 2015","1,261.50","1,261.50","1,261.50","1,261.50","0.32K","-0.55%"
"Jul 01, 2015","1,268.50","1,268.50","1,268.50","1,268.00","0.00K","-0.18%"
"Jun 30, 2015","1,270.80","1,270.80","1,270.80","1,270.80","0.22K","-0.56%"
"Jun 29, 2015","1,278.00","1,278.00","1,278.00","1,278.00","0.17K","0.38%"
"Jun 26, 2015","1,273.10","1,273.10","1,273.10","1,270.00","0.03K","0.22%"
"Jun 25, 2015","1,270.30","1,270.30","1,270.30","1,270.30","0.10K","-0.06%"
"Jun 24, 2015","1,271.00","1,271.00","1,271.00","1,271.00","0.26K","-0.30%"
"Jun 23, 2015","1,274.80","1,274.80","1,274.80","1,274.80","0.06K","-0.57%"
"Jun 22, 2015","1,282.10","1,282.10","1,282.10","1,282.10","0.03K","-1.33%"
"Jun 19, 2015","1,299.40","1,299.40","1,299.40","1,296.00","0.14K","-0.11%"
"Jun 18, 2015","1,300.80","1,300.80","1,300.80","1,300.80","0.13K","1.87%"
"Jun 17, 2015","1,276.90","1,276.90","1,276.90","1,276.90","0.17K","-0.20%"
"Jun 16, 2015","1,279.40","1,279.40","1,279.40","1,279.40","0.03K","-0.50%"
"Jun 15, 2015","1,285.80","1,285.80","1,285.80","1,285.80","0.10K","0.37%"
"Jun 12, 2015","1,281.00","1,281.00","1,281.00","1,281.00","0.14K","-0.12%"
"Jun 11, 2015","1,282.60","1,282.60","1,282.60","1,282.60","0.07K","-0.47%"
"Jun 10, 2015","1,288.60","1,288.60","1,288.60","1,288.60","0.30K","0.92%"
"Jun 09, 2015","1,276.80","1,276.80","1,276.80","1,276.80","0.14K","0.38%"
"Jun 08, 2015","1,272.00","1,272.00","1,272.00","1,272.00","0.17K","0.43%"
"Jun 05, 2015","1,266.60","1,264.00","1,266.80","1,263.00","0.01K","-0.28%"
"Jun 04, 2015","1,270.10","1,270.10","1,270.10","1,268.50","0.45K","-0.77%"
"Jun 03, 2015","1,279.90","1,279.90","1,279.90","1,279.90","0.00K","-0.61%"
"Jun 02, 2015","1,287.80","1,287.80","1,287.80","1,287.80","1.00K","0.58%"
"Jun 01, 2015","1,280.40","1,280.40","1,280.40","1,280.40","1.24K","-0.02%"
"May 29, 2015","1,280.70","1,280.70","1,280.70","1,276.50","4.75K","0.02%"
"May 28, 2015","1,280.50","1,280.50","1,280.50","1,278.00","52.71K","0.15%"
"May 27, 2015","1,278.60","1,278.60","1,278.60","1,279.00","0.03K","-0.28%"
"May 26, 2015","1,282.20","1,288.90","1,288.90","1,280.00","0.00K","6.20%"
"May 25, 2015","1,207.40","1,204.60","1,209.00","1,203.30","-","0.25%"
"May 24, 2015","1,204.40","1,205.80","1,205.80","1,203.90","-","-7.33%"
"May 22, 2015","1,299.70","1,299.70","1,299.70","1,292.00","0.00K","0.12%"
"May 21, 2015","1,298.10","1,298.10","1,298.10","1,296.50","0.04K","-0.41%"
"May 20, 2015","1,303.50","1,303.50","1,303.50","1,303.50","0.01K","0.16%"
"May 19, 2015","1,301.40","1,317.50","1,318.20","1,317.50","0.00K","-1.50%"
"May 18, 2015","1,321.20","1,321.20","1,321.20","1,321.20","0.01K","0.17%"
"May 15, 2015","1,318.90","1,318.90","1,318.90","1,318.90","0.01K","-0.01%"
"May 14, 2015","1,319.00","1,319.00","1,319.00","1,319.00","0.04K","0.52%"
"May 13, 2015","1,312.20","1,312.20","1,312.20","1,312.20","0.03K","1.96%"
"May 12, 2015","1,287.00","1,287.00","1,287.00","1,287.00","0.01K","0.76%"
"May 11, 2015","1,277.30","1,277.30","1,277.30","1,277.30","0.03K","-0.41%"
"May 08, 2015","1,282.50","1,282.50","1,282.50","1,282.50","0.05K","0.31%"
"May 07, 2015","1,278.50","1,278.50","1,278.50","1,278.50","0.04K","-0.64%"
"May 06, 2015","1,286.70","1,286.70","1,286.70","1,286.70","0.01K","-0.12%"
"May 05, 2015","1,288.20","1,288.20","1,288.20","1,288.20","0.05K","0.72%"
"May 04, 2015","1,279.00","1,279.00","1,279.00","1,279.00","0.04K","1.02%"
"May 01, 2015","1,266.10","1,266.10","1,266.10","1,266.10","0.02K","-0.54%"
"Apr 30, 2015","1,273.00","1,273.00","1,273.00","1,273.00","0.14K","-2.08%"
"Apr 29, 2015","1,300.00","1,300.00","1,300.00","1,300.00","0.11K","-0.11%"
"Apr 28, 2015","1,301.40","1,301.40","1,301.40","1,301.40","0.01K","0.95%"
"Apr 27, 2015","1,289.20","1,289.20","1,289.20","1,289.20","0.19K","2.28%"
"Apr 24, 2015","1,260.40","1,260.40","1,260.40","1,260.40","0.05K","-1.68%"
"Apr 23, 2015","1,282.00","1,282.00","1,282.00","1,282.00","0.33K","0.57%"
"Apr 22, 2015","1,274.70","1,274.70","1,274.70","1,274.70","0.09K","-1.12%"
"Apr 21, 2015","1,289.10","1,289.10","1,289.10","1,289.10","0.03K","0.77%"
"Apr 20, 2015","1,279.30","1,279.30","1,279.30","1,279.30","0.07K","-0.68%"
"Apr 17, 2015","1,288.10","1,288.10","1,288.10","1,288.10","0.02K","0.40%"
"Apr 16, 2015","1,283.00","1,283.00","1,283.00","1,283.00","0.20K","-0.27%"
"Apr 15, 2015","1,286.50","1,286.50","1,286.50","1,286.50","0.20K","0.66%"
"Apr 14, 2015","1,278.10","1,278.10","1,278.10","1,278.10","0.55K","-0.75%"
"Apr 13, 2015","1,287.80","1,287.80","1,287.80","1,287.80","0.42K","-0.43%"
"Apr 10, 2015","1,293.30","1,293.30","1,293.30","1,293.30","0.20K","0.91%"
"Apr 09, 2015","1,281.60","1,281.60","1,281.60","1,281.60","0.52K","-0.74%"
"Apr 08, 2015","1,291.10","1,291.10","1,291.10","1,291.10","0.24K","-0.56%"
"Apr 07, 2015","1,298.40","1,298.40","1,298.40","1,298.40","0.41K","-0.54%"
"Apr 06, 2015","1,305.40","1,305.40","1,305.40","1,305.40","0.34K","1.34%"
"Apr 03, 2015","1,288.20","1,288.20","1,288.20","1,288.20","-","0.00%"
"Apr 02, 2015","1,288.20","1,288.20","1,288.20","1,288.20","1.68K","-0.46%"
"Apr 01, 2015","1,294.20","1,294.20","1,294.20","1,294.20","1.63K","1.73%"
"Mar 31, 2015","1,272.20","1,272.20","1,272.20","1,272.20","3.41K","-0.33%"
"Mar 30, 2015","1,276.40","1,276.40","1,276.40","1,276.40","37.99K","-1.20%"
"Mar 27, 2015","1,291.90","1,291.90","1,291.90","1,291.90","0.00K","-0.39%"
"Mar 26, 2015","1,297.00","1,297.00","1,297.00","1,297.00","0.07K","0.75%"
"Mar 25, 2015","1,287.30","1,287.30","1,287.30","1,287.30","0.01K","0.48%"
"Mar 24, 2015","1,281.20","1,281.20","1,281.20","1,281.20","0.41K","0.29%"
"Mar 23, 2015","1,277.50","1,277.50","1,277.50","1,277.50","0.01K","0.22%"
"Mar 20, 2015","1,274.70","1,274.70","1,274.70","1,274.70","0.05K","1.21%"
"Mar 19, 2015","1,259.50","1,259.50","1,259.50","1,259.50","0.04K","0.96%"
"Mar 18, 2015","1,247.50","1,247.50","1,247.50","1,247.50","0.11K","0.24%"
"Mar 17, 2015","1,244.50","1,244.50","1,244.50","1,244.50","0.07K","-0.38%"
"Mar 16, 2015","1,249.30","1,249.30","1,249.30","1,249.30","0.06K","0.03%"
"Mar 13, 2015","1,248.90","1,248.90","1,248.90","1,248.90","0.04K","-0.01%"
"Mar 12, 2015","1,249.00","1,249.00","1,249.00","1,249.00","0.06K","0.05%"
"Mar 11, 2015","1,248.40","1,248.40","1,248.40","1,248.40","0.07K","-0.77%"
"Mar 10, 2015","1,258.10","1,258.10","1,258.10","1,258.10","0.09K","-0.78%"
"Mar 09, 2015","1,268.00","1,268.00","1,268.00","1,268.00","0.05K","0.19%"
"Mar 06, 2015","1,265.60","1,265.60","1,265.60","1,265.60","0.17K","-2.35%"
"Mar 05, 2015","1,296.10","1,296.10","1,296.10","1,296.10","0.03K","-0.35%"
"Mar 04, 2015","1,300.60","1,300.60","1,300.60","1,300.60","0.03K","-0.28%"
"Mar 03, 2015","1,304.20","1,304.20","1,304.20","1,304.20","0.05K","-0.12%"
"Mar 02, 2015","1,305.80","1,305.80","1,305.80","1,305.80","0.12K","-0.27%"
"Feb 27, 2015","1,309.40","1,309.40","1,309.40","1,309.40","0.20K","0.25%"
"Feb 26, 2015","1,306.10","1,306.10","1,306.10","1,306.10","0.56K","0.78%"
"Feb 25, 2015","1,296.00","1,296.00","1,296.00","1,296.00","0.02K","0.22%"
"Feb 24, 2015","1,293.10","1,293.10","1,293.10","1,293.10","0.15K","-0.43%"
"Feb 23, 2015","1,298.70","1,298.70","1,298.70","1,298.70","0.27K","-0.35%"
"Feb 20, 2015","1,303.20","1,303.20","1,303.20","1,303.20","0.05K","-0.28%"
"Feb 19, 2015","1,306.90","1,306.90","1,306.90","1,306.90","0.07K","0.41%"
"Feb 18, 2015","1,301.50","1,301.50","1,301.50","1,301.50","0.15K","-0.64%"
"Feb 17, 2015","1,309.90","1,323.30","1,323.30","1,323.30","0.00K","6.35%"
"Feb 16, 2015","1,231.70","1,228.70","1,236.40","1,228.50","-","0.24%"
"Feb 15, 2015","1,228.80","1,228.20","1,229.30","1,227.80","-","-7.27%"
"Feb 13, 2015","1,325.20","1,325.20","1,325.20","1,325.20","0.07K","0.49%"
"Feb 12, 2015","1,318.70","1,318.70","1,318.70","1,318.70","0.10K","-0.04%"
"Feb 11, 2015","1,319.20","1,319.20","1,319.20","1,319.20","0.10K","-0.90%"
"Feb 10, 2015","1,331.20","1,331.20","1,331.20","1,331.20","0.23K","-0.65%"
"Feb 09, 2015","1,339.90","1,339.90","1,339.90","1,339.90","0.32K","0.55%"
"Feb 06, 2015","1,332.60","1,332.60","1,332.60","1,332.60","0.43K","-1.65%"
"Feb 05, 2015","1,354.90","1,354.90","1,354.90","1,354.90","0.13K","-1.35%"
"Feb 04, 2015","1,373.40","1,367.00","1,367.00","1,367.00","0.00K","0.45%"
"Feb 03, 2015","1,367.30","1,367.30","1,367.30","1,367.30","2.38K","-1.09%"
"Feb 02, 2015","1,382.40","1,382.40","1,382.40","1,382.40","1.65K","-0.16%"
"Jan 30, 2015","1,384.60","1,384.60","1,384.60","1,384.60","8.63K","1.53%"
"Jan 29, 2015","1,363.80","1,380.20","1,380.20","1,380.20","0.00K","-2.74%"
"Jan 28, 2015","1,402.20","1,402.20","1,402.20","1,402.20","0.03K","-0.88%"
"Jan 27, 2015","1,414.70","1,414.70","1,414.70","1,414.70","0.02K","0.65%"
"Jan 26, 2015","1,405.60","1,405.60","1,405.60","1,405.60","0.03K","-0.85%"
"Jan 23, 2015","1,417.60","1,417.60","1,417.60","1,417.60","0.02K","-0.53%"
"Jan 22, 2015","1,425.20","1,425.20","1,425.20","1,425.20","0.13K","0.83%"
"Jan 21, 2015","1,413.40","1,391.10","1,391.10","1,390.90","0.00K","0.07%"
"Jan 20, 2015","1,412.40","1,380.00","1,380.00","1,380.00","0.00K","10.70%"
"Jan 19, 2015","1,275.90","1,279.40","1,279.50","1,272.50","-","-0.24%"
"Jan 18, 2015","1,279.00","1,281.00","1,281.90","1,275.70","-","-8.96%"
"Jan 16, 2015","1,404.90","1,404.90","1,404.90","1,404.90","0.04K","0.87%"
"Jan 15, 2015","1,392.80","1,380.00","1,380.00","1,380.00","0.00K","2.07%"
"Jan 14, 2015","1,364.50","1,364.50","1,364.50","1,366.70","0.02K","-0.73%"
"Jan 13, 2015","1,374.50","1,377.40","1,377.40","1,377.40","0.00K","0.09%"
"Jan 12, 2015","1,373.20","1,357.40","1,357.40","1,357.40","0.00K","1.16%"
"Jan 09, 2015","1,357.40","1,357.40","1,357.40","1,357.40","0.04K","0.43%"
"Jan 08, 2015","1,351.60","1,351.60","1,351.60","1,350.00","0.09K","-0.15%"
"Jan 07, 2015","1,353.60","1,353.60","1,353.60","1,350.30","0.03K","-0.63%"
"Jan 06, 2015","1,362.20","1,362.20","1,362.20","1,362.20","0.10K","0.64%"
"Jan 05, 2015","1,353.50","1,340.00","1,340.00","1,340.00","0.00K","1.18%"
"Jan 02, 2015","1,337.70","1,337.70","1,337.70","1,337.70","0.14K","12.71%"
"Jan 01, 2015","1,186.80","1,184.10","1,187.50","1,184.10","-","-11.13%"
"Dec 31, 2014","1,335.40","1,335.40","1,335.40","1,346.70","0.09K","1.79%"
"Dec 30, 2014","1,311.90","1,181.40","1,210.30","1,181.40","0.19K","1.47%"
"Dec 29, 2014","1,292.90","1,186.50","1,186.50","1,181.30","0.06K","-1.13%"
"Dec 26, 2014","1,307.70","1,177.20","1,194.40","1,177.20","0.12K","11.10%"
"Dec 25, 2014","1,177.00","1,175.00","1,178.90","1,175.00","-","-8.45%"
"Dec 24, 2014","1,285.60","1,177.00","1,179.30","1,173.70","0.02K","-0.32%"
"Dec 23, 2014","1,289.70","1,179.30","1,180.30","1,175.00","0.23K","0.00%"
"Dec 22, 2014","1,289.70","1,198.00","1,198.00","1,172.70","0.22K","-1.22%"
"Dec 19, 2014","1,305.60","1,198.00","1,200.80","1,196.50","0.10K","0.13%"
"Dec 18, 2014","1,303.90","1,189.70","1,207.30","1,189.70","0.20K","0.12%"
"Dec 17, 2014","1,302.30","1,198.20","1,199.60","1,184.00","0.09K","0.02%"
"Dec 16, 2014","1,302.00","1,197.20","1,222.00","1,192.70","0.22K","-1.19%"
"Dec 15, 2014","1,317.70","1,223.10","1,223.10","1,198.00","0.08K","-1.18%"
"Dec 12, 2014","1,333.50","1,227.80","1,227.80","1,216.20","0.20K","-0.66%"
"Dec 11, 2014","1,342.30","1,226.60","1,232.00","1,216.20","0.26K","-0.24%"
"Dec 10, 2014","1,345.50","1,231.20","1,234.60","1,226.60","0.31K","-0.35%"
"Dec 09, 2014","1,350.20","1,202.00","1,238.00","1,202.00","0.31K","2.72%"
"Dec 08, 2014","1,314.40","1,190.60","1,207.00","1,187.20","0.18K","0.27%"
"Dec 05, 2014","1,310.80","1,203.10","1,206.00","1,186.70","0.56K","-1.01%"
"Dec 04, 2014","1,324.20","1,208.20","1,213.00","1,201.60","0.36K","-0.12%"
"Dec 03, 2014","1,325.80","1,198.10","1,213.70","1,196.10","0.44K","0.84%"
"Dec 02, 2014","1,314.70","1,212.30","1,212.30","1,191.30","1.24K","-1.34%"
"Dec 01, 2014","1,332.50","1,160.00","1,220.40","1,141.70","5.52K","3.20%"
"Nov 28, 2014","1,291.20","1,197.00","1,198.30","1,163.80","11.18K","8.61%"
"Nov 27, 2014","1,188.80","1,197.30","1,199.30","1,185.40","-","-9.56%"
"Nov 26, 2014","1,314.50","1,200.50","1,201.00","1,193.70","75.30K","-0.05%"
"Nov 25, 2014","1,315.20","1,197.10","1,197.10","1,197.10","0.00K","0.08%"
"Nov 24, 2014","1,314.20","1,197.70","1,197.90","1,196.50","0.02K","-0.13%"
"Nov 21, 2014","1,315.90","1,191.00","1,202.40","1,189.00","0.02K","0.53%"
"Nov 20, 2014","1,308.90","1,191.80","1,191.90","1,190.70","0.00K","-0.34%"
"Nov 19, 2014","1,313.40","1,196.50","1,198.30","1,190.00","0.02K","-0.16%"
"Nov 18, 2014","1,315.50","1,197.10","1,197.10","1,193.90","0.00K","0.91%"
"Nov 17, 2014","1,303.70","1,183.10","1,186.90","1,180.60","0.02K","-0.15%"
"Nov 14, 2014","1,305.60","1,155.20","1,191.00","1,148.00","0.49K","1.89%"
"Nov 13, 2014","1,281.40","1,163.70","1,164.50","1,155.00","1.05K","0.08%"
"Nov 12, 2014","1,280.40","1,162.50","1,168.10","1,157.50","0.02K","-0.37%"
"Nov 11, 2014","1,285.10","1,155.00","1,170.50","1,151.60","0.02K","0.30%"
"Nov 10, 2014","1,281.30","1,171.00","1,171.00","1,150.70","0.04K","-0.75%"
"Nov 07, 2014","1,291.00","1,139.90","1,169.70","1,132.90","0.10K","2.10%"
"Nov 06, 2014","1,264.40","1,141.10","1,147.50","1,137.90","0.14K","-0.29%"
"Nov 05, 2014","1,268.10","1,168.10","1,168.70","1,137.80","0.16K","-1.72%"
"Nov 04, 2014","1,290.30","1,166.90","1,171.00","1,165.00","0.04K","-0.32%"
"Nov 03, 2014","1,294.40","1,166.40","1,172.30","1,163.10","0.06K","-0.12%"
"Oct 31, 2014","1,295.90","1,199.60","1,199.70","1,161.40","0.26K","-2.04%"
"Oct 30, 2014","1,322.90","1,213.70","1,214.70","1,195.80","0.52K","-1.95%"
"Oct 29, 2014","1,349.20","1,224.30","1,224.30","1,224.30","-","-0.25%"
"Oct 28, 2014","1,352.60","1,224.90","1,231.00","1,224.70","0.05K","0.01%"
"Oct 27, 2014","1,352.40","1,230.20","1,230.20","1,227.30","0.28K","-0.19%"
"Oct 24, 2014","1,355.00","1,229.40","1,232.70","1,229.40","0.07K","0.21%"
"Oct 23, 2014","1,352.10","1,228.00","1,228.00","1,227.90","0.00K","-1.06%"
"Oct 22, 2014","1,366.60","1,244.80","1,244.80","1,244.30","0.00K","-0.38%"
"Oct 21, 2014","1,371.80","1,251.00","1,251.00","1,251.00","0.05K","0.55%"
"Oct 20, 2014","1,364.30","1,237.30","1,244.00","1,235.40","0.11K","0.43%"
"Oct 17, 2014","1,358.50","1,237.40","1,237.50","1,232.60","0.36K","0.07%"
"Oct 16, 2014","1,357.50","1,242.10","1,243.00","1,236.70","0.01K","-0.28%"
"Oct 15, 2014","1,361.30","1,243.70","1,247.00","1,230.90","0.25K","0.15%"
"Oct 14, 2014","1,359.30","1,235.90","1,235.90","1,235.80","0.07K","10.58%"
"Oct 13, 2014","1,229.30","1,229.80","1,234.00","1,227.00","0.10K","-9.19%"
"Oct 10, 2014","1,353.70","1,223.50","1,223.50","1,217.00","0.19K","-0.38%"
"Oct 09, 2014","1,358.80","1,223.90","1,229.00","1,223.90","0.02K","1.09%"
"Oct 08, 2014","1,344.20","1,210.20","1,217.90","1,207.00","0.01K","-1.42%"
"Oct 07, 2014","1,363.60","1,209.10","1,210.80","1,205.30","0.27K","0.21%"
"Oct 06, 2014","1,360.70","1,338.30","1,338.30","1,338.30","0.01K","1.02%"
"Oct 03, 2014","1,346.90","1,212.40","1,212.40","1,191.00","0.50K","-1.55%"
"Oct 02, 2014","1,368.10","1,215.30","1,219.50","1,210.30","0.18K","-0.15%"
"Oct 01, 2014","1,370.20","1,207.70","1,217.80","1,205.50","0.18K","0.26%"
"Sep 30, 2014","1,366.70","1,214.80","1,218.20","1,204.00","0.68K","-0.51%"
"Sep 29, 2014","1,373.70","1,216.30","1,222.20","1,214.70","6.34K","0.24%"
"Sep 26, 2014","1,370.40","1,214.10","1,214.10","1,214.10","0.00K","-0.44%"
"Sep 25, 2014","1,376.40","1,209.50","1,216.10","1,209.50","0.01K","0.11%"
"Sep 24, 2014","1,374.90","1,216.80","1,216.80","1,216.80","0.00K","-0.17%"
"Sep 23, 2014","1,377.20","1,221.00","1,221.00","1,221.00","0.01K","0.22%"
"Sep 22, 2014","1,374.20","1,214.90","1,214.90","1,212.40","0.01K","0.08%"
"Sep 19, 2014","1,373.10","1,218.30","1,218.30","1,218.30","0.00K","-0.74%"
"Sep 18, 2014","1,383.40","1,216.20","1,220.40","1,216.20","0.01K","-0.62%"
"Sep 17, 2014","1,392.00","1,236.20","1,236.20","1,221.90","0.01K","-0.07%"
"Sep 16, 2014","1,393.00","1,238.30","1,238.30","1,235.90","0.00K","0.12%"
"Sep 15, 2014","1,391.30","1,226.70","1,235.00","1,226.70","0.02K","0.25%"
"Sep 12, 2014","1,387.80","1,227.00","1,227.00","1,227.00","0.05K","-0.54%"
"Sep 11, 2014","1,395.40","1,237.40","1,237.40","1,237.40","-","-0.47%"
"Sep 10, 2014","1,402.00","1,256.70","1,256.70","1,243.50","0.10K","-0.19%"
"Sep 09, 2014","1,404.60","1,246.80","1,246.80","1,246.80","-","-0.40%"
"Sep 08, 2014","1,410.20","1,268.40","1,268.40","1,262.20","0.00K","-0.91%"
"Sep 05, 2014","1,423.20","1,263.20","1,268.10","1,263.20","0.12K","0.06%"
"Sep 04, 2014","1,422.30","1,268.70","1,272.70","1,260.30","0.29K","-0.22%"
"Sep 03, 2014","1,425.50","1,266.30","1,271.10","1,263.10","0.28K","0.46%"
"Sep 02, 2014","1,419.00","1,284.50","1,286.40","1,262.50","0.28K","10.22%"
"Sep 01, 2014","1,287.40","1,287.60","1,290.90","1,285.90","-","-0.02%"
"Aug 31, 2014","1,287.70","1,288.50","1,289.00","1,286.80","-","-10.61%"
"Aug 29, 2014","1,440.60","1,289.50","1,289.70","1,284.80","0.12K","-0.22%"
"Aug 28, 2014","1,443.80","1,284.50","1,293.70","1,284.30","0.82K","0.48%"
"Aug 27, 2014","1,436.90","1,281.50","1,282.30","1,281.50","0.04K","-0.17%"
"Aug 26, 2014","1,439.30","1,289.40","1,289.50","1,281.10","0.07K","0.43%"
"Aug 25, 2014","1,433.10","1,424.90","1,424.90","1,424.90","0.00K","-0.07%"
"Aug 22, 2014","1,434.10","1,276.00","1,280.00","1,275.00","0.12K","0.34%"
"Aug 21, 2014","1,429.20","1,290.00","1,290.00","1,272.00","0.26K","-1.37%"
"Aug 20, 2014","1,449.00","1,295.40","1,295.80","1,288.40","0.33K","0.00%"
"Aug 19, 2014","1,449.00","1,298.80","1,301.70","1,294.00","0.14K","-0.26%"
"Aug 18, 2014","1,452.80","1,301.40","1,302.10","1,295.70","0.10K","-0.45%"
"Aug 15, 2014","1,459.40","1,311.70","1,312.80","1,292.00","0.20K","-0.66%"
"Aug 14, 2014","1,469.10","1,311.80","1,316.40","1,309.70","0.32K","0.08%"
"Aug 13, 2014","1,467.90","1,308.80","1,312.60","1,305.00","0.24K","0.18%"
"Aug 12, 2014","1,465.30","1,306.20","1,315.80","1,305.80","0.44K","-0.01%"
"Aug 11, 2014","1,465.50","1,308.40","1,309.70","1,305.30","0.19K","-0.03%"
"Aug 08, 2014","1,465.90","1,310.80","1,322.10","1,308.00","0.59K","-0.10%"
"Aug 07, 2014","1,467.30","1,305.30","1,313.20","1,302.50","0.23K","0.31%"
"Aug 06, 2014","1,462.70","1,288.10","1,309.00","1,287.80","0.71K","1.65%"
"Aug 05, 2014","1,439.00","1,288.00","1,292.70","1,282.60","0.83K","-0.20%"
"Aug 04, 2014","1,441.90","1,294.40","1,295.00","1,285.90","0.92K","-0.63%"
"Aug 01, 2014","1,451.10","1,284.10","1,296.60","1,279.70","1.99K","0.67%"
"Jul 31, 2014","1,441.50","1,295.10","1,297.30","1,280.60","5.66K","-1.00%"
"Jul 30, 2014","1,456.10","1,298.60","1,303.00","1,291.00","0.00K","-0.04%"
"Jul 29, 2014","1,456.70","1,310.90","1,310.90","1,310.00","0.05K","-0.36%"
"Jul 28, 2014","1,462.00","1,307.40","1,308.00","1,304.30","0.05K","0.12%"
"Jul 25, 2014","1,460.30","1,294.80","1,294.80","1,294.80","0.01K","0.90%"
"Jul 24, 2014","1,447.30","1,297.50","1,297.50","1,297.50","0.00K","-0.89%"
"Jul 23, 2014","1,460.30","1,304.50","1,304.50","1,304.50","-","-0.09%"
"Jul 22, 2014","1,461.60","1,306.10","1,306.10","1,306.10","0.00K","-0.54%"
"Jul 21, 2014","1,469.60","1,311.00","1,315.50","1,311.00","0.02K","0.33%"
"Jul 18, 2014","1,464.70","1,322.70","1,322.70","1,306.20","0.03K","-0.50%"
"Jul 17, 2014","1,472.10","1,303.10","1,323.80","1,303.10","0.02K","1.18%"
"Jul 16, 2014","1,454.90","1,298.40","1,303.10","1,296.90","0.03K","0.25%"
"Jul 15, 2014","1,451.30","1,307.40","1,312.10","1,294.10","0.37K","-0.64%"
"Jul 14, 2014","1,460.70","1,332.80","1,332.80","1,304.70","0.10K","-2.16%"
"Jul 11, 2014","1,492.90","1,337.90","1,339.00","1,336.20","0.11K","-0.12%"
"Jul 10, 2014","1,494.70","1,330.50","1,343.70","1,328.00","0.03K","1.01%"
"Jul 09, 2014","1,479.70","1,324.00","1,330.40","1,324.00","0.02K","0.56%"
"Jul 08, 2014","1,471.40","1,318.40","1,323.50","1,316.00","0.01K","-0.04%"
"Jul 07, 2014","1,472.00","1,319.60","1,320.30","1,313.20","0.09K","11.41%"
"Jul 04, 2014","1,321.30","1,321.10","1,324.00","1,319.60","-","-10.46%"
"Jul 03, 2014","1,475.60","1,327.30","1,327.70","1,313.00","0.04K","-0.62%"
"Jul 02, 2014","1,484.80","1,326.80","1,330.70","1,326.80","0.23K","0.31%"
"Jul 01, 2014","1,480.20","1,326.70","1,331.40","1,326.20","0.05K","0.35%"
"Jun 30, 2014","1,475.10","1,315.30","1,328.70","1,311.80","0.74K","11.83%"
"Jun 27, 2014","1,319.00","1,317.40","1,320.90","1,313.30","0.63K","0.22%"
"Jun 26, 2014","1,316.10","1,319.60","1,319.60","1,312.40","0.59K","-0.46%"
"Jun 25, 2014","1,322.20","1,315.30","1,323.40","1,312.00","0.29K","0.10%"
"Jun 24, 2014","1,320.90","1,315.60","1,325.60","1,315.60","0.22K","0.22%"
"Jun 23, 2014","1,318.00","1,312.30","1,316.90","1,312.30","0.14K","0.14%"
"Jun 20, 2014","1,316.20","1,321.40","1,321.40","1,306.80","0.25K","0.19%"
"Jun 19, 2014","1,313.70","1,277.20","1,321.00","1,277.20","0.60K","3.25%"
"Jun 18, 2014","1,272.40","1,269.90","1,272.70","1,267.40","0.14K","0.06%"
"Jun 17, 2014","1,271.70","1,272.80","1,272.80","1,260.90","0.82K","-0.25%"
"Jun 16, 2014","1,274.90","1,279.80","1,283.50","1,270.80","0.33K","0.09%"
"Jun 13, 2014","1,273.70","1,272.50","1,274.70","1,271.30","0.15K","0.01%"
"Jun 12, 2014","1,273.60","1,260.00","1,274.50","1,260.00","0.13K","1.02%"
"Jun 11, 2014","1,260.80","1,259.90","1,264.40","1,259.10","0.13K","0.08%"
"Jun 10, 2014","1,259.80","1,252.40","1,262.30","1,251.00","1.01K","0.50%"
"Jun 09, 2014","1,253.50","1,252.70","1,256.10","1,251.80","0.10K","0.11%"
"Jun 06, 2014","1,252.10","1,253.40","1,256.60","1,246.30","0.38K","-0.07%"
"Jun 05, 2014","1,253.00","1,244.00","1,256.60","1,241.20","1.32K","0.72%"
"Jun 04, 2014","1,244.00","1,245.10","1,248.80","1,242.70","0.60K","-0.02%"
"Jun 03, 2014","1,244.30","1,244.10","1,247.50","1,240.50","0.65K","0.05%"
"Jun 02, 2014","1,243.70","1,250.00","1,250.70","1,240.90","0.77K","-0.15%"
"May 30, 2014","1,245.60","1,255.10","1,259.60","1,241.80","3.84K","-0.85%"
"May 29, 2014","1,256.30","1,258.30","1,260.60","1,250.90","38.05K","-0.24%"
"May 28, 2014","1,259.30","1,259.30","1,259.30","1,263.60","-","-0.48%"
"May 27, 2014","1,265.40","1,291.90","1,291.90","1,276.00","0.03K","-2.10%"
"May 26, 2014","1,292.50","1,291.60","1,294.40","1,291.40","-","0.06%"
"May 25, 2014","1,291.70","1,293.90","1,294.20","1,291.10","-","0.01%"
"May 23, 2014","1,291.60","1,293.20","1,293.40","1,293.20","0.00K","-0.25%"
"May 22, 2014","1,294.90","1,294.20","1,295.00","1,294.20","0.00K","0.54%"
"May 21, 2014","1,288.00","1,287.40","1,287.40","1,287.40","0.00K","-0.50%"
"May 20, 2014","1,294.50","1,290.70","1,290.70","1,290.10","0.01K","0.06%"
"May 19, 2014","1,293.70","1,293.70","1,293.70","1,293.70","0.04K","0.03%"
"May 16, 2014","1,293.30","1,293.30","1,293.30","1,293.30","0.01K","-0.02%"
"May 15, 2014","1,293.50","1,302.50","1,302.50","1,292.80","0.03K","-0.93%"
"May 14, 2014","1,305.70","1,292.80","1,306.90","1,292.80","0.03K","0.86%"
"May 13, 2014","1,294.60","1,295.50","1,295.50","1,292.00","0.02K","-0.08%"
"May 12, 2014","1,295.60","1,282.10","1,295.90","1,281.20","0.02K","0.64%"
"May 09, 2014","1,287.30","1,287.30","1,287.30","1,287.30","0.00K","-0.01%"
"May 08, 2014","1,287.40","1,291.50","1,291.50","1,285.50","0.07K","-0.09%"
"May 07, 2014","1,288.60","1,310.30","1,312.00","1,288.00","0.02K","-1.51%"
"May 06, 2014","1,308.30","1,309.40","1,309.40","1,306.90","0.01K","-0.05%"
"May 05, 2014","1,309.00","1,305.60","1,314.20","1,305.50","0.03K","0.49%"
"May 02, 2014","1,302.60","1,276.70","1,302.70","1,276.70","0.09K","1.52%"
"May 01, 2014","1,283.10","1,288.70","1,288.70","1,278.00","0.03K","-0.96%"
"Apr 30, 2014","1,295.60","1,296.00","1,296.50","1,286.60","0.18K","-0.03%"
"Apr 29, 2014","1,296.00","1,295.50","1,300.50","1,289.10","0.90K","-0.22%"
"Apr 28, 2014","1,298.90","1,305.40","1,305.40","1,293.00","0.06K","-0.14%"
"Apr 25, 2014","1,300.70","1,293.80","1,304.60","1,293.80","0.27K","0.79%"
"Apr 24, 2014","1,290.50","1,284.60","1,297.90","1,272.40","0.52K","0.49%"
"Apr 23, 2014","1,284.20","1,284.30","1,287.70","1,282.40","0.18K","0.28%"
"Apr 22, 2014","1,280.60","1,289.20","1,291.60","1,276.00","0.10K","-0.57%"
"Apr 21, 2014","1,288.00","1,290.00","1,299.20","1,283.70","0.10K","-0.42%"
"Apr 17, 2014","1,293.40","1,300.10","1,303.00","1,292.50","0.12K","-0.74%"
"Apr 16, 2014","1,303.10","1,302.70","1,304.00","1,295.00","0.18K","0.24%"
"Apr 15, 2014","1,300.00","1,322.70","1,322.70","1,291.50","0.24K","-2.05%"
"Apr 14, 2014","1,327.20","1,320.10","1,330.00","1,320.10","0.33K","0.64%"
"Apr 11, 2014","1,318.70","1,319.00","1,322.80","1,316.30","0.08K","-0.11%"
"Apr 10, 2014","1,320.10","1,311.80","1,323.80","1,311.20","0.13K","1.12%"
"Apr 09, 2014","1,305.50","1,309.50","1,313.60","1,301.10","0.19K","-0.24%"
"Apr 08, 2014","1,308.70","1,296.60","1,314.10","1,296.60","0.26K","0.82%"
"Apr 07, 2014","1,298.00","1,301.40","1,304.00","1,296.30","0.36K","-0.40%"
"Apr 04, 2014","1,303.20","1,285.50","1,306.10","1,284.40","0.98K","1.46%"
"Apr 03, 2014","1,284.40","1,290.80","1,293.60","1,282.70","0.78K","-0.47%"
"Apr 02, 2014","1,290.50","1,280.20","1,294.10","1,280.20","1.10K","0.85%"
"Apr 01, 2014","1,279.60","1,285.10","1,287.90","1,277.30","0.88K","-0.30%"
"Mar 31, 2014","1,283.40","1,294.30","1,298.80","1,282.40","4.12K","-0.80%"
"Mar 28, 2014","1,293.80","1,292.20","1,299.40","1,285.90","65.49K","-0.07%"
"Mar 27, 2014","1,294.70","1,294.70","1,294.70","1,294.70","-","-0.67%"
"Mar 26, 2014","1,303.40","1,315.20","1,315.20","1,311.80","0.00K","-0.61%"
"Mar 25, 2014","1,311.40","1,315.50","1,315.50","1,307.50","0.05K","0.02%"
"Mar 24, 2014","1,311.20","1,333.00","1,333.00","1,310.50","0.10K","-1.86%"
"Mar 21, 2014","1,336.00","1,339.10","1,339.10","1,335.00","0.00K","0.41%"
"Mar 20, 2014","1,330.50","1,333.70","1,333.70","1,325.80","0.07K","-0.81%"
"Mar 19, 2014","1,341.40","1,357.10","1,358.00","1,332.70","0.06K","-1.30%"
"Mar 18, 2014","1,359.00","1,359.30","1,361.80","1,353.40","0.04K","-1.01%"
"Mar 17, 2014","1,372.90","1,386.10","1,391.40","1,372.20","0.03K","-0.44%"
"Mar 14, 2014","1,379.00","1,376.10","1,386.60","1,369.80","0.09K","0.50%"
"Mar 13, 2014","1,372.20","1,366.80","1,374.50","1,366.50","0.02K","0.14%"
"Mar 12, 2014","1,370.30","1,349.10","1,370.50","1,348.70","0.06K","1.77%"
"Mar 11, 2014","1,346.50","1,340.00","1,352.40","1,338.10","0.05K","0.38%"
"Mar 10, 2014","1,341.40","1,336.00","1,344.70","1,330.50","0.10K","0.25%"
"Mar 07, 2014","1,338.10","1,349.50","1,352.70","1,329.20","0.10K","-1.01%"
"Mar 06, 2014","1,351.70","1,338.00","1,351.60","1,333.30","0.06K","0.86%"
"Mar 05, 2014","1,340.20","1,334.80","1,341.00","1,334.80","0.03K","0.18%"
"Mar 04, 2014","1,337.80","1,350.40","1,350.40","1,332.20","0.08K","-0.91%"
"Mar 03, 2014","1,350.10","1,335.90","1,354.10","1,332.90","0.23K","2.17%"
"Feb 28, 2014","1,321.40","1,329.80","1,332.60","1,321.10","0.24K","-0.77%"
"Feb 27, 2014","1,331.60","1,329.30","1,335.00","1,324.60","0.37K","0.26%"
"Feb 26, 2014","1,328.20","1,341.20","1,344.00","1,325.60","0.06K","-1.10%"
"Feb 25, 2014","1,343.00","1,336.40","1,343.90","1,333.10","0.29K","0.35%"
"Feb 24, 2014","1,338.30","1,324.30","1,339.00","1,321.40","0.09K","1.09%"
"Feb 21, 2014","1,323.90","1,320.00","1,328.30","1,317.40","0.17K","0.52%"
"Feb 20, 2014","1,317.10","1,310.70","1,323.50","1,309.60","0.12K","-0.27%"
"Feb 19, 2014","1,320.60","1,318.30","1,321.60","1,309.10","0.19K","-0.31%"
"Feb 18, 2014","1,324.70","1,322.90","1,330.60","1,313.90","0.37K","-0.29%"
"Feb 17, 2014","1,328.50","1,323.70","1,332.20","1,321.10","-","0.72%"
"Feb 14, 2014","1,319.00","1,301.70","1,320.70","1,301.50","0.31K","1.43%"
"Feb 13, 2014","1,300.40","1,293.30","1,303.50","1,287.50","0.88K","0.39%"
"Feb 12, 2014","1,295.30","1,290.50","1,296.20","1,285.50","0.14K","0.40%"
"Feb 11, 2014","1,290.10","1,274.00","1,292.00","1,273.80","0.56K","1.20%"
"Feb 10, 2014","1,274.80","1,269.60","1,277.30","1,265.70","0.74K","0.91%"
"Feb 07, 2014","1,263.30","1,258.30","1,271.40","1,257.90","0.44K","0.45%"
"Feb 06, 2014","1,257.60","1,258.00","1,267.00","1,253.50","0.27K","0.02%"
"Feb 05, 2014","1,257.30","1,254.00","1,273.70","1,253.10","1.62K","0.45%"
"Feb 04, 2014","1,251.70","1,258.40","1,260.70","1,247.80","1.75K","-0.69%"
"Feb 03, 2014","1,260.40","1,242.40","1,266.30","1,241.20","2.91K","1.64%"
"Jan 31, 2014","1,240.10","1,243.60","1,254.50","1,238.40","5.82K","-0.17%"
"Jan 30, 2014","1,242.20","1,267.00","1,267.70","1,237.50","45.28K","-1.58%"
"Jan 29, 2014","1,262.20","1,262.20","1,262.20","1,262.20","-","0.90%"
"Jan 28, 2014","1,251.00","1,257.90","1,258.40","1,257.90","0.02K","-1.00%"
"Jan 27, 2014","1,263.60","1,259.80","1,264.40","1,254.40","0.09K","-0.07%"
"Jan 24, 2014","1,264.50","1,258.30","1,269.40","1,258.30","0.04K","0.15%"
"Jan 23, 2014","1,262.60","1,235.20","1,264.20","1,235.20","0.04K","1.90%"
"Jan 22, 2014","1,239.00","1,241.70","1,242.00","1,240.10","0.06K","-0.27%"
"Jan 21, 2014","1,242.30","1,256.40","1,257.50","1,240.00","0.22K","-1.02%"
"Jan 20, 2014","1,255.10","1,255.70","1,257.90","1,253.10","-","0.27%"
"Jan 17, 2014","1,251.70","1,239.70","1,254.30","1,239.70","0.10K","0.94%"
"Jan 16, 2014","1,240.00","1,239.30","1,242.80","1,238.70","0.05K","0.15%"
"Jan 15, 2014","1,238.10","1,243.10","1,243.20","1,238.20","0.07K","-0.57%"
"Jan 14, 2014","1,245.20","1,251.00","1,251.30","1,242.00","0.04K","-0.46%"
"Jan 13, 2014","1,250.90","1,250.60","1,252.70","1,245.50","0.05K","0.34%"
"Jan 10, 2014","1,246.70","1,235.00","1,246.80","1,234.00","0.06K","1.42%"
"Jan 09, 2014","1,229.30","1,225.80","1,229.00","1,225.80","0.01K","0.33%"
"Jan 08, 2014","1,225.30","1,227.50","1,227.50","1,218.60","0.19K","-0.33%"
"Jan 07, 2014","1,229.40","1,239.30","1,242.40","1,226.00","0.07K","-0.68%"
"Jan 06, 2014","1,237.80","1,232.80","1,247.00","1,221.90","0.13K","-0.05%"
"Jan 03, 2014","1,238.40","1,221.70","1,239.00","1,221.70","0.14K","1.09%"
"Jan 02, 2014","1,225.00","1,204.30","1,227.30","1,204.30","0.21K","1.63%"
"Jan 01, 2014","1,205.40","1,203.60","1,205.40","1,202.80","-","0.29%"
"Dec 31, 2013","1,201.90","1,196.40","1,212.40","1,182.00","0.12K","-0.10%"
"Dec 30, 2013","1,203.10","1,215.00","1,215.50","1,194.40","0.35K","-1.07%"
"Dec 27, 2013","1,216.10","1,213.40","1,218.50","1,212.90","0.28K","0.16%"
"Dec 26, 2013","1,214.10","1,207.10","1,215.90","1,207.10","0.14K","0.75%"
"Dec 24, 2013","1,205.10","1,199.80","1,205.60","1,197.70","0.18K","0.56%"
"Dec 23, 2013","1,198.40","1,205.20","1,205.20","1,195.90","0.12K","-0.56%"
"Dec 20, 2013","1,205.10","1,190.90","1,207.80","1,190.90","0.20K","0.85%"
"Dec 19, 2013","1,195.00","1,226.60","1,226.60","1,188.70","0.12K","-3.32%"
"Dec 18, 2013","1,236.10","1,231.50","1,245.10","1,217.00","0.11K","0.40%"
"Dec 17, 2013","1,231.20","1,237.00","1,240.40","1,231.30","0.02K","-1.15%"
"Dec 16, 2013","1,245.50","1,238.40","1,250.60","1,228.90","0.24K","0.79%"
"Dec 13, 2013","1,235.70","1,226.70","1,239.00","1,222.20","0.45K","0.79%"
"Dec 12, 2013","1,226.00","1,253.50","1,255.40","1,225.90","0.61K","-2.58%"
"Dec 11, 2013","1,258.50","1,261.90","1,261.90","1,252.10","0.15K","-0.31%"
"Dec 10, 2013","1,262.40","1,239.00","1,267.00","1,239.00","0.88K","2.19%"
"Dec 09, 2013","1,235.30","1,230.20","1,243.20","1,229.00","0.35K","0.41%"
"Dec 06, 2013","1,230.30","1,228.70","1,242.00","1,213.00","1.03K","-0.24%"
"Dec 05, 2013","1,233.20","1,240.00","1,241.50","1,218.60","0.45K","-1.20%"
"Dec 04, 2013","1,248.20","1,225.10","1,250.40","1,212.90","1.82K","2.17%"
"Dec 03, 2013","1,221.70","1,219.20","1,225.70","1,215.60","1.93K","-0.05%"
"Dec 02, 2013","1,222.30","1,251.40","1,251.50","1,217.80","4.98K","-2.26%"
"Nov 29, 2013","1,250.60","1,237.80","1,254.50","1,233.70","9.20K","0.55%"
"Nov 28, 2013","1,243.80","1,237.90","1,245.30","1,236.20","-","0.48%"
"Nov 27, 2013","1,237.80","1,241.60","1,254.80","1,235.50","82.33K","-0.29%"
"Nov 26, 2013","1,241.40","1,243.00","1,243.00","1,243.00","0.00K","0.02%"
"Nov 25, 2013","1,241.10","1,231.10","1,240.70","1,229.00","0.02K","-0.23%"
"Nov 22, 2013","1,244.00","1,243.20","1,247.00","1,241.40","0.08K","0.04%"
"Nov 21, 2013","1,243.50","1,245.70","1,247.10","1,236.50","0.09K","-1.14%"
"Nov 20, 2013","1,257.90","1,269.00","1,269.00","1,241.90","0.12K","-1.22%"
"Nov 19, 2013","1,273.40","1,274.20","1,275.20","1,271.00","0.01K","0.09%"
"Nov 18, 2013","1,272.20","1,284.70","1,284.80","1,272.20","0.01K","-1.17%"
"Nov 15, 2013","1,287.30","1,287.70","1,288.50","1,281.50","0.02K","0.09%"
"Nov 14, 2013","1,286.20","1,280.20","1,293.30","1,278.10","0.03K","1.41%"
"Nov 13, 2013","1,268.30","1,274.00","1,280.50","1,271.10","0.02K","-0.22%"
"Nov 12, 2013","1,271.10","1,282.30","1,282.30","1,268.50","0.00K","-0.77%"
"Nov 11, 2013","1,281.00","1,281.60","1,281.80","1,281.00","0.01K","-0.27%"
"Nov 08, 2013","1,284.50","1,308.00","1,308.10","1,281.30","0.02K","-1.83%"
"Nov 07, 2013","1,308.40","1,323.60","1,323.60","1,298.00","0.13K","-0.71%"
"Nov 06, 2013","1,317.70","1,313.50","1,318.60","1,312.50","0.01K","0.74%"
"Nov 05, 2013","1,308.00","1,313.30","1,317.50","1,306.90","0.10K","-0.50%"
"Nov 04, 2013","1,314.60","1,314.60","1,320.50","1,312.10","0.04K","0.11%"
"Nov 01, 2013","1,313.10","1,325.70","1,325.70","1,308.00","0.02K","-0.79%"
"Oct 31, 2013","1,323.60","1,334.00","1,334.00","1,321.70","0.06K","-1.88%"
"Oct 30, 2013","1,349.00","1,340.80","1,355.80","1,335.60","0.04K","0.28%"
"Oct 29, 2013","1,345.20","1,359.60","1,359.70","1,359.60","0.01K","-0.50%"
"Oct 28, 2013","1,352.00","1,351.40","1,359.20","1,349.00","0.02K","-0.03%"
"Oct 25, 2013","1,352.40","1,346.20","1,353.00","1,346.20","0.02K","0.16%"
"Oct 24, 2013","1,350.20","1,334.50","1,350.10","1,334.50","0.02K","1.22%"
"Oct 23, 2013","1,333.90","1,331.90","1,333.40","1,331.90","0.01K","-0.64%"
"Oct 22, 2013","1,342.50","1,313.90","1,342.60","1,313.90","0.06K","2.04%"
"Oct 21, 2013","1,315.70","1,316.80","1,317.70","1,316.50","0.02K","0.10%"
"Oct 18, 2013","1,314.40","1,318.80","1,326.00","1,312.60","0.07K","-0.63%"
"Oct 17, 2013","1,322.70","1,307.00","1,320.80","1,307.00","0.07K","3.17%"
"Oct 16, 2013","1,282.00","1,282.80","1,284.00","1,269.20","0.09K","0.71%"
"Oct 15, 2013","1,273.00","1,270.50","1,284.80","1,254.10","0.21K","-0.27%"
"Oct 14, 2013","1,276.40","1,275.80","1,285.80","1,272.10","0.06K","0.66%"
"Oct 11, 2013","1,268.00","1,286.90","1,291.60","1,263.80","0.21K","-2.21%"
"Oct 10, 2013","1,296.60","1,303.40","1,310.80","1,285.00","0.09K","-0.79%"
"Oct 09, 2013","1,306.90","1,317.60","1,319.00","1,295.30","0.14K","-1.31%"
"Oct 08, 2013","1,324.20","1,326.50","1,330.00","1,321.20","0.06K","-0.05%"
"Oct 07, 2013","1,324.80","1,313.80","1,325.40","1,311.80","0.08K","1.15%"
"Oct 04, 2013","1,309.70","1,316.20","1,318.10","1,305.70","0.04K","-0.58%"
"Oct 03, 2013","1,317.40","1,312.00","1,319.50","1,302.50","0.22K","-0.24%"
"Oct 02, 2013","1,320.60","1,288.50","1,321.00","1,280.00","0.15K","2.69%"
"Oct 01, 2013","1,286.00","1,328.00","1,334.20","1,283.80","0.82K","-3.05%"
"Sep 30, 2013","1,326.50","1,345.80","1,350.90","1,322.00","0.60K","-0.89%"
"Sep 27, 2013","1,338.40","1,321.50","1,343.80","1,319.70","2.99K","1.12%"
"Sep 26, 2013","1,323.60","1,335.20","1,338.30","1,335.20","0.01K","-0.92%"
"Sep 25, 2013","1,335.90","1,322.70","1,335.30","1,322.70","0.05K","1.51%"
"Sep 24, 2013","1,316.00","1,321.20","1,324.90","1,309.40","0.06K","-0.82%"
"Sep 23, 2013","1,326.90","1,327.10","1,327.80","1,317.60","0.08K","-0.42%"
"Sep 20, 2013","1,332.50","1,347.50","1,347.50","1,330.70","0.00K","-2.69%"
"Sep 19, 2013","1,369.40","1,362.90","1,373.00","1,362.90","0.04K","4.71%"
"Sep 18, 2013","1,307.80","1,292.10","1,347.70","1,292.10","0.03K","-0.13%"
"Sep 17, 2013","1,309.50","1,313.00","1,313.10","1,310.20","0.02K","-0.64%"
"Sep 16, 2013","1,317.90","1,328.40","1,329.60","1,310.80","0.11K","0.73%"
"Sep 13, 2013","1,308.40","1,322.90","1,323.00","1,305.30","0.04K","-1.65%"
"Sep 12, 2013","1,330.40","1,360.00","1,360.00","1,322.40","0.12K","-2.46%"
"Sep 11, 2013","1,363.90","1,365.80","1,365.80","1,356.70","0.06K","-0.01%"
"Sep 10, 2013","1,364.10","1,377.50","1,377.50","1,357.60","0.02K","-1.64%"
"Sep 09, 2013","1,386.80","1,389.80","1,389.80","1,386.50","0.04K","0.01%"
"Sep 06, 2013","1,386.70","1,371.00","1,390.10","1,368.90","0.05K","0.99%"
"Sep 05, 2013","1,373.10","1,393.50","1,397.50","1,367.10","0.04K","-1.21%"
"Sep 04, 2013","1,389.90","1,413.00","1,413.00","1,387.10","0.10K","-1.57%"
"Sep 03, 2013","1,412.00","1,393.00","1,414.40","1,382.30","0.14K","1.31%"
"Sep 02, 2013","1,393.70","1,380.40","1,398.00","1,379.60","-","-0.17%"
"Aug 30, 2013","1,396.10","1,407.20","1,409.80","1,392.30","0.10K","-1.19%"
"Aug 29, 2013","1,412.90","1,417.40","1,417.40","1,404.50","0.38K","-0.43%"
"Aug 28, 2013","1,419.00","1,417.30","1,428.00","1,415.10","0.02K","-0.11%"
"Aug 27, 2013","1,420.60","1,403.80","1,421.10","1,398.70","0.40K","1.98%"
"Aug 26, 2013","1,393.00","1,398.60","1,403.00","1,391.30","0.20K","-0.19%"
"Aug 23, 2013","1,395.70","1,376.80","1,398.20","1,373.90","0.18K","1.79%"
"Aug 22, 2013","1,371.20","1,362.00","1,380.40","1,362.00","0.08K","0.04%"
"Aug 21, 2013","1,370.60","1,372.50","1,377.30","1,360.90","0.11K","-0.18%"
"Aug 20, 2013","1,373.10","1,355.00","1,377.00","1,355.00","0.12K","0.51%"
"Aug 19, 2013","1,366.20","1,379.00","1,384.40","1,363.90","0.14K","-0.40%"
"Aug 16, 2013","1,371.70","1,366.80","1,378.90","1,361.00","0.18K","0.74%"
"Aug 15, 2013","1,361.60","1,340.10","1,369.60","1,319.90","0.24K","2.07%"
"Aug 14, 2013","1,334.00","1,317.70","1,336.30","1,317.70","0.33K","0.97%"
"Aug 13, 2013","1,321.20","1,331.90","1,339.10","1,320.20","0.21K","-1.01%"
"Aug 12, 2013","1,334.70","1,317.20","1,342.40","1,317.20","0.31K","1.66%"
"Aug 09, 2013","1,312.90","1,315.10","1,315.80","1,306.70","0.45K","0.17%"
"Aug 08, 2013","1,310.70","1,283.90","1,312.80","1,283.70","0.48K","1.91%"
"Aug 07, 2013","1,286.10","1,282.50","1,288.40","1,274.00","0.99K","0.23%"
"Aug 06, 2013","1,283.20","1,303.00","1,305.90","1,279.30","1.31K","-1.49%"
"Aug 05, 2013","1,302.60","1,311.20","1,318.30","1,297.50","0.90K","-0.61%"
"Aug 02, 2013","1,310.60","1,306.70","1,317.60","1,283.00","1.45K","-0.03%"
"Aug 01, 2013","1,311.00","1,323.00","1,328.50","1,306.90","1.56K","-0.11%"
"Jul 31, 2013","1,312.40","1,325.50","1,338.40","1,304.90","6.25K","-0.88%"
"Jul 30, 2013","1,324.00","1,327.20","1,329.60","1,316.20","44.77K","-0.33%"
"Jul 29, 2013","1,328.40","1,328.40","1,328.40","1,328.40","0.00K","0.51%"
"Jul 26, 2013","1,321.70","1,326.50","1,326.50","1,322.40","0.07K","-0.55%"
"Jul 25, 2013","1,329.00","1,318.50","1,336.80","1,318.50","0.06K","0.70%"
"Jul 24, 2013","1,319.70","1,342.20","1,345.10","1,318.60","0.04K","-1.15%"
"Jul 23, 2013","1,335.10","1,334.80","1,342.30","1,327.90","0.01K","-0.10%"
"Jul 22, 2013","1,336.40","1,317.00","1,332.20","1,317.00","0.02K","3.33%"
"Jul 19, 2013","1,293.30","1,291.70","1,292.20","1,290.00","0.01K","0.68%"
"Jul 18, 2013","1,284.60","1,275.30","1,286.40","1,275.20","0.03K","0.52%"
"Jul 17, 2013","1,277.90","1,286.20","1,300.00","1,272.90","0.01K","-1.00%"
"Jul 16, 2013","1,290.80","1,279.40","1,291.40","1,279.40","0.01K","0.55%"
"Jul 15, 2013","1,283.80","1,292.10","1,292.40","1,281.60","0.02K","0.47%"
"Jul 12, 2013","1,277.80","1,282.30","1,282.30","1,273.30","0.01K","-0.18%"
"Jul 11, 2013","1,280.10","1,284.60","1,285.00","1,278.90","0.02K","2.62%"
"Jul 10, 2013","1,247.40","1,244.60","1,263.90","1,244.60","0.06K","0.12%"
"Jul 09, 2013","1,245.90","1,234.70","1,254.50","1,234.40","0.03K","0.89%"
"Jul 08, 2013","1,234.90","1,218.80","1,235.20","1,215.40","0.06K","1.81%"
"Jul 05, 2013","1,212.90","1,252.70","1,254.10","1,208.90","0.07K","-2.74%"
"Jul 04, 2013","1,247.05","1,254.55","1,256.15","1,244.45","-","-0.40%"
"Jul 03, 2013","1,252.10","1,243.80","1,258.20","1,240.30","0.02K","0.68%"
"Jul 02, 2013","1,243.60","1,254.10","1,266.30","1,241.20","0.11K","-0.98%"
"Jul 01, 2013","1,255.90","1,234.70","1,261.00","1,234.20","0.15K","2.62%"
"Jun 28, 2013","1,223.80","1,200.90","1,232.30","1,183.20","0.23K","1.02%"
"Jun 27, 2013","1,211.40","1,224.70","1,241.60","1,198.30","0.53K","-1.48%"
"Jun 26, 2013","1,229.60","1,273.90","1,273.90","1,228.80","0.37K","-3.55%"
"Jun 25, 2013","1,274.80","1,281.30","1,286.00","1,273.20","0.95K","-0.16%"
"Jun 24, 2013","1,276.80","1,297.30","1,297.30","1,275.70","0.32K","-1.15%"
"Jun 21, 2013","1,291.60","1,280.40","1,300.00","1,268.90","0.46K","0.44%"
"Jun 20, 2013","1,285.90","1,348.10","1,348.10","1,275.40","0.71K","-6.38%"
"Jun 19, 2013","1,373.60","1,368.10","1,372.70","1,348.10","0.20K","0.51%"
"Jun 18, 2013","1,366.60","1,383.10","1,383.50","1,363.00","0.35K","-1.17%"
"Jun 17, 2013","1,382.80","1,390.30","1,390.50","1,380.00","0.11K","-0.32%"
"Jun 14, 2013","1,387.30","1,383.90","1,389.60","1,377.80","0.09K","0.70%"
"Jun 13, 2013","1,377.60","1,386.80","1,390.90","1,373.40","0.46K","-1.02%"
"Jun 12, 2013","1,391.80","1,375.00","1,393.50","1,373.70","0.51K","1.07%"
"Jun 11, 2013","1,377.00","1,384.20","1,384.40","1,366.00","0.48K","-0.66%"
"Jun 10, 2013","1,386.20","1,378.80","1,386.90","1,375.60","0.37K","0.23%"
"Jun 07, 2013","1,383.00","1,411.50","1,416.40","1,377.90","1.16K","-2.31%"
"Jun 06, 2013","1,415.70","1,401.70","1,422.70","1,391.60","0.78K","1.24%"
"Jun 05, 2013","1,398.40","1,397.50","1,410.00","1,395.60","1.69K","0.09%"
"Jun 04, 2013","1,397.10","1,410.90","1,414.10","1,389.00","0.93K","-1.03%"
"Jun 03, 2013","1,411.70","1,389.10","1,416.30","1,388.30","1.42K","1.37%"
"May 31, 2013","1,392.60","1,412.40","1,421.10","1,384.20","6.00K","-1.34%"
"May 30, 2013","1,411.50","1,392.10","1,417.50","1,388.30","45.13K","1.45%"
"May 29, 2013","1,391.30","1,391.30","1,391.30","1,391.30","0.00K","0.88%"
"May 28, 2013","1,379.10","1,380.80","1,392.50","1,379.80","0.06K","-1.21%"
"May 27, 2013","1,395.95","1,385.95","1,396.15","1,384.15","-","0.66%"
"May 24, 2013","1,386.80","1,386.80","1,386.80","1,386.80","0.00K","-0.37%"
"May 23, 2013","1,392.00","1,380.60","1,394.80","1,377.80","0.06K","1.78%"
"May 22, 2013","1,367.60","1,387.20","1,395.70","1,364.50","0.01K","-0.74%"
"May 21, 2013","1,377.80","1,386.50","1,392.30","1,358.50","0.05K","-0.47%"
"May 20, 2013","1,384.30","1,342.90","1,391.90","1,342.90","0.02K","1.42%"
"May 17, 2013","1,364.90","1,386.70","1,391.10","1,359.10","0.05K","-1.60%"
"May 16, 2013","1,387.10","1,390.40","1,395.10","1,370.60","0.04K","-0.67%"
"May 15, 2013","1,396.50","1,425.70","1,425.70","1,390.10","0.36K","-1.98%"
"May 14, 2013","1,424.70","1,430.10","1,444.40","1,422.00","0.07K","-0.68%"
"May 13, 2013","1,434.50","1,440.00","1,440.60","1,427.80","0.34K","-0.16%"
"May 10, 2013","1,436.80","1,455.60","1,459.30","1,423.00","0.57K","-2.18%"
"May 09, 2013","1,468.80","1,471.20","1,473.40","1,453.00","0.03K","-0.35%"
"May 08, 2013","1,473.90","1,455.50","1,474.70","1,450.70","0.08K","1.72%"
"May 07, 2013","1,449.00","1,462.00","1,466.20","1,441.20","0.09K","-1.30%"
"May 06, 2013","1,468.10","1,468.10","1,477.20","1,466.80","0.03K","0.26%"
"May 03, 2013","1,464.30","1,465.50","1,487.10","1,461.40","0.07K","-0.23%"
"May 02, 2013","1,467.70","1,459.00","1,471.20","1,453.50","0.24K","1.48%"
"May 01, 2013","1,446.30","1,475.80","1,477.10","1,440.00","0.13K","-1.76%"
"Apr 30, 2013","1,472.20","1,471.10","1,476.60","1,461.00","0.53K","0.33%"
"Apr 29, 2013","1,467.40","1,462.70","1,475.50","1,462.30","0.27K","0.95%"
"Apr 26, 2013","1,453.60","1,467.40","1,480.00","1,451.40","0.63K","-0.56%"
"Apr 25, 2013","1,461.80","1,433.00","1,458.30","1,433.00","0.22K","2.70%"
"Apr 24, 2013","1,423.40","1,423.20","1,430.10","1,420.40","0.14K","1.05%"
"Apr 23, 2013","1,408.60","1,429.50","1,429.50","1,405.80","0.33K","-0.87%"
"Apr 22, 2013","1,421.00","1,406.80","1,434.90","1,406.80","0.07K","1.84%"
"Apr 19, 2013","1,395.30","1,419.30","1,420.30","1,395.10","0.24K","0.24%"
"Apr 18, 2013","1,392.00","1,347.50","1,396.40","1,347.50","0.06K","0.71%"
"Apr 17, 2013","1,382.20","1,373.20","1,394.20","1,370.20","0.09K","-0.33%"
"Apr 16, 2013","1,386.80","1,358.00","1,401.00","1,323.00","0.62K","1.93%"
"Apr 15, 2013","1,360.60","1,478.20","1,487.40","1,338.00","1.31K","-9.35%"
"Apr 12, 2013","1,501.00","1,560.80","1,560.80","1,480.20","0.88K","-4.05%"
"Apr 11, 2013","1,564.30","1,557.10","1,566.70","1,554.80","1.07K","0.39%"
"Apr 10, 2013","1,558.30","1,584.40","1,586.00","1,557.00","0.36K","-1.76%"
"Apr 09, 2013","1,586.20","1,571.60","1,589.30","1,570.00","0.22K","0.90%"
"Apr 08, 2013","1,572.00","1,575.80","1,580.60","1,567.60","0.10K","-0.22%"
"Apr 05, 2013","1,575.40","1,553.20","1,580.60","1,550.10","1.18K","1.52%"
"Apr 04, 2013","1,551.80","1,557.30","1,557.30","1,539.10","0.83K","-0.06%"
"Apr 03, 2013","1,552.80","1,575.70","1,576.40","1,549.20","2.17K","-1.42%"
"Apr 02, 2013","1,575.10","1,599.20","1,602.60","1,574.10","2.29K","-1.56%"
"Apr 01, 2013","1,600.00","1,596.80","1,600.50","1,594.80","0.69K","0.33%"
"Mar 28, 2013","1,594.80","1,604.70","1,606.60","1,593.60","4.72K","-0.71%"
"Mar 27, 2013","1,606.20","1,598.50","1,608.10","1,590.30","50.45K","0.65%"
"Mar 26, 2013","1,595.80","1,595.80","1,595.80","1,595.80","0.01K","-0.55%"
"Mar 25, 2013","1,604.60","1,607.10","1,607.80","1,596.10","0.03K","-0.10%"
"Mar 22, 2013","1,606.20","1,611.00","1,611.00","1,604.10","0.10K","-0.47%"
"Mar 21, 2013","1,613.80","1,612.80","1,613.00","1,611.90","0.01K","0.39%"
"Mar 20, 2013","1,607.50","1,610.00","1,613.00","1,606.20","0.01K","-0.24%"
"Mar 19, 2013","1,611.30","1,613.10","1,613.10","1,613.00","0.20K","0.42%"
"Mar 18, 2013","1,604.60","1,605.90","1,607.70","1,601.60","0.61K","0.76%"
"Mar 15, 2013","1,592.50","1,590.50","1,594.40","1,590.20","0.01K","0.12%"
"Mar 14, 2013","1,590.60","1,585.70","1,587.90","1,575.70","0.14K","0.14%"
"Mar 13, 2013","1,588.30","1,592.30","1,596.00","1,585.00","0.40K","-0.20%"
"Mar 12, 2013","1,591.50","1,579.80","1,595.60","1,579.80","0.16K","0.87%"
"Mar 11, 2013","1,577.80","1,576.00","1,579.70","1,576.00","1.12K","0.08%"
"Mar 08, 2013","1,576.60","1,578.60","1,581.20","1,561.80","0.07K","0.11%"
"Mar 07, 2013","1,574.80","1,580.00","1,583.50","1,573.90","0.05K","0.01%"
"Mar 06, 2013","1,574.60","1,577.60","1,582.60","1,566.80","0.11K","0.00%"
"Mar 05, 2013","1,574.60","1,577.60","1,585.50","1,571.40","0.07K","0.16%"
"Mar 04, 2013","1,572.10","1,580.80","1,580.80","1,569.70","0.06K","0.01%"
"Mar 01, 2013","1,571.90","1,579.60","1,585.60","1,566.00","0.07K","-0.37%"
"Feb 28, 2013","1,577.70","1,596.00","1,601.60","1,575.10","0.10K","-1.10%"
"Feb 27, 2013","1,595.20","1,612.80","1,612.80","1,591.80","0.70K","-1.24%"
"Feb 26, 2013","1,615.20","1,593.30","1,609.00","1,589.00","0.19K","1.83%"
"Feb 25, 2013","1,586.20","1,579.40","1,596.00","1,577.70","0.12K","0.88%"
"Feb 22, 2013","1,572.40","1,580.00","1,585.40","1,572.30","0.08K","-0.37%"
"Feb 21, 2013","1,578.20","1,568.50","1,581.20","1,554.50","2.02K","0.04%"
"Feb 20, 2013","1,577.60","1,604.70","1,606.90","1,561.80","0.28K","-1.62%"
"Feb 19, 2013","1,603.60","1,610.00","1,617.00","1,599.70","0.27K","-0.32%"
"Feb 15, 2013","1,608.80","1,633.20","1,633.90","1,599.50","0.46K","-1.58%"
"Feb 14, 2013","1,634.70","1,641.10","1,646.90","1,632.70","0.22K","-0.58%"
"Feb 13, 2013","1,644.20","1,652.20","1,652.30","1,640.20","0.24K","-0.27%"
"Feb 12, 2013","1,648.70","1,643.80","1,650.40","1,642.40","0.09K","0.03%"
"Feb 11, 2013","1,648.20","1,666.50","1,668.00","1,643.70","0.87K","-1.07%"
"Feb 08, 2013","1,666.00","1,671.50","1,672.50","1,664.80","0.29K","-0.26%"
"Feb 07, 2013","1,670.40","1,677.00","1,682.10","1,663.10","0.48K","-0.44%"
"Feb 06, 2013","1,677.70","1,672.20","1,678.50","1,668.00","0.38K","0.32%"
"Feb 05, 2013","1,672.40","1,674.20","1,683.40","1,666.50","0.35K","-0.17%"
"Feb 04, 2013","1,675.30","1,668.00","1,676.50","1,661.60","0.45K","0.35%"
"Feb 01, 2013","1,669.40","1,663.90","1,681.20","1,659.90","3.25K","0.53%"
"Jan 31, 2013","1,660.60","1,675.40","1,680.00","1,657.40","6.04K","-1.15%"
"Jan 30, 2013","1,679.90","1,662.40","1,683.20","1,661.80","44.89K","1.16%"
"Jan 29, 2013","1,660.70","1,661.20","1,661.50","1,660.70","0.02K","0.50%"
"Jan 28, 2013","1,652.40","1,651.60","1,655.50","1,651.60","0.08K","-0.24%"
"Jan 25, 2013","1,656.40","1,663.00","1,663.00","1,657.20","0.04K","-0.78%"
"Jan 24, 2013","1,669.50","1,680.80","1,681.70","1,668.00","0.01K","-1.00%"
"Jan 23, 2013","1,686.30","1,691.30","1,693.70","1,685.20","0.03K","-0.38%"
"Jan 22, 2013","1,692.80","1,690.30","1,694.70","1,687.80","0.02K","0.37%"
"Jan 18, 2013","1,686.60","1,687.40","1,692.00","1,687.30","0.01K","-0.22%"
"Jan 17, 2013","1,690.40","1,676.40","1,694.60","1,671.00","0.08K","0.46%"
"Jan 16, 2013","1,682.70","1,674.40","1,680.50","1,674.40","0.01K","-0.04%"
"Jan 15, 2013","1,683.40","1,671.60","1,684.30","1,671.60","0.02K","0.87%"
"Jan 14, 2013","1,668.90","1,665.40","1,673.80","1,664.10","0.01K","0.54%"
"Jan 11, 2013","1,660.00","1,673.10","1,673.10","1,654.20","0.15K","-1.03%"
"Jan 10, 2013","1,677.30","1,672.50","1,673.80","1,672.50","0.01K","1.36%"
"Jan 09, 2013","1,654.80","1,658.60","1,662.10","1,651.20","0.01K","-0.40%"
"Jan 08, 2013","1,661.50","1,647.70","1,659.50","1,647.70","0.02K","0.97%"
"Jan 07, 2013","1,645.50","1,656.50","1,659.90","1,643.80","0.05K","-0.16%"
"Jan 04, 2013","1,648.10","1,647.00","1,658.30","1,625.70","0.20K","-1.53%"
"Jan 03, 2013","1,673.70","1,686.10","1,686.80","1,662.00","0.14K","-0.84%"
"Jan 02, 2013","1,687.90","1,672.80","1,693.80","1,670.00","0.04K","0.78%"
"Dec 31, 2012","1,674.80","1,655.40","1,677.10","1,655.40","0.09K","1.20%"
"Dec 28, 2012","1,654.90","1,664.00","1,664.00","1,653.70","0.20K","-0.46%"
"Dec 27, 2012","1,662.60","1,656.20","1,662.10","1,656.20","0.21K","0.17%"
"Dec 26, 2012","1,659.80","1,654.50","1,666.70","1,654.50","0.07K","0.07%"
"Dec 24, 2012","1,658.60","1,657.70","1,663.80","1,654.90","0.07K","-0.03%"
"Dec 21, 2012","1,659.10","1,648.00","1,656.70","1,635.80","0.08K","0.86%"
"Dec 20, 2012","1,644.90","1,667.90","1,671.00","1,637.60","0.16K","-1.30%"
"Dec 19, 2012","1,666.50","1,675.30","1,676.00","1,664.60","0.08K","-0.18%"
"Dec 18, 2012","1,669.50","1,701.40","1,702.80","1,661.00","0.50K","-1.62%"
"Dec 17, 2012","1,697.00","1,690.50","1,698.50","1,689.50","0.07K","0.07%"
"Dec 14, 2012","1,695.80","1,698.30","1,699.20","1,694.40","0.07K","0.01%"
"Dec 13, 2012","1,695.60","1,707.20","1,707.20","1,689.90","0.24K","-1.22%"
"Dec 12, 2012","1,716.60","1,710.10","1,722.30","1,708.00","0.20K","0.49%"
"Dec 11, 2012","1,708.20","1,710.00","1,714.10","1,705.90","0.09K","-0.28%"
"Dec 10, 2012","1,713.00","1,704.20","1,717.00","1,704.20","0.09K","0.53%"
"Dec 07, 2012","1,704.00","1,701.20","1,704.50","1,684.00","0.17K","0.22%"
"Dec 06, 2012","1,700.30","1,694.30","1,702.10","1,686.40","0.53K","0.47%"
"Dec 05, 2012","1,692.40","1,697.10","1,706.00","1,685.00","1.26K","-0.12%"
"Dec 04, 2012","1,694.40","1,716.30","1,716.80","1,691.60","1.43K","-1.47%"
"Dec 03, 2012","1,719.60","1,714.90","1,721.90","1,714.50","1.24K","0.51%"
"Nov 30, 2012","1,710.90","1,725.20","1,731.20","1,708.40","3.69K","-0.94%"
"Nov 29, 2012","1,727.20","1,719.60","1,729.00","1,717.70","65.60K","0.62%"
"Nov 28, 2012","1,716.50","1,739.80","1,739.80","1,716.30","0.01K","-1.48%"
"Nov 27, 2012","1,742.20","1,746.40","1,746.40","1,745.20","0.01K","-0.42%"
"Nov 26, 2012","1,749.50","1,750.30","1,750.50","1,749.40","0.02K","-0.10%"
"Nov 23, 2012","1,751.30","1,735.00","1,735.00","1,735.00","0.01K","1.35%"
"Nov 21, 2012","1,727.90","1,725.80","1,725.80","1,725.80","0.02K","0.27%"
"Nov 20, 2012","1,723.20","1,730.60","1,731.10","1,722.50","0.02K","-0.62%"
"Nov 19, 2012","1,734.00","1,721.80","1,731.00","1,721.80","0.00K","1.15%"
"Nov 16, 2012","1,714.30","1,710.00","1,713.80","1,706.90","0.02K","0.06%"
"Nov 15, 2012","1,713.30","1,724.90","1,724.90","1,706.30","0.01K","-0.94%"
"Nov 14, 2012","1,729.50","1,722.00","1,727.70","1,722.00","0.01K","0.31%"
"Nov 13, 2012","1,724.20","1,721.60","1,728.20","1,718.50","0.01K","-0.35%"
"Nov 12, 2012","1,730.30","1,733.20","1,734.90","1,733.20","0.01K","0.00%"
"Nov 09, 2012","1,730.30","1,733.70","1,734.10","1,727.60","0.01K","0.28%"
"Nov 08, 2012","1,725.40","1,715.90","1,729.60","1,714.20","0.03K","0.71%"
"Nov 07, 2012","1,713.20","1,707.70","1,726.50","1,703.70","0.04K","-0.05%"
"Nov 06, 2012","1,714.10","1,690.10","1,718.00","1,690.10","0.05K","1.90%"
"Nov 05, 2012","1,682.20","1,682.80","1,683.10","1,674.30","0.01K","0.48%"
"Nov 02, 2012","1,674.10","1,711.30","1,711.30","1,674.30","0.05K","-2.33%"
"Nov 01, 2012","1,714.10","1,722.30","1,725.10","1,714.90","0.02K","-0.20%"
"Oct 31, 2012","1,717.50","1,714.40","1,724.50","1,714.40","0.06K","0.41%"
"Oct 30, 2012","1,710.50","1,709.10","1,714.40","1,709.00","0.37K","0.16%"
"Oct 29, 2012","1,707.70","1,712.00","1,712.00","1,707.00","0.01K","-0.19%"
"Oct 26, 2012","1,710.90","1,706.10","1,716.20","1,706.10","0.08K","-0.06%"
"Oct 25, 2012","1,712.00","1,711.70","1,716.70","1,711.70","0.03K","0.68%"
"Oct 24, 2012","1,700.50","1,708.40","1,708.50","1,698.60","0.03K","-0.46%"
"Oct 23, 2012","1,708.30","1,726.60","1,728.50","1,708.40","0.08K","-0.97%"
"Oct 22, 2012","1,725.10","1,715.00","1,728.30","1,715.00","0.01K","0.13%"
"Oct 19, 2012","1,722.80","1,741.10","1,741.10","1,721.00","0.07K","-1.18%"
"Oct 18, 2012","1,743.30","1,749.10","1,749.10","1,740.50","0.03K","-0.47%"
"Oct 17, 2012","1,751.50","1,749.40","1,750.70","1,746.00","0.04K","0.39%"
"Oct 16, 2012","1,744.70","1,736.70","1,744.40","1,736.60","0.02K","0.50%"
"Oct 15, 2012","1,736.00","1,750.00","1,750.00","1,729.90","0.11K","-1.25%"
"Oct 12, 2012","1,758.00","1,769.50","1,769.50","1,753.60","0.08K","-0.61%"
"Oct 11, 2012","1,768.80","1,761.60","1,771.00","1,761.60","0.03K","0.32%"
"Oct 10, 2012","1,763.20","1,762.40","1,764.20","1,758.10","0.03K","0.01%"
"Oct 09, 2012","1,763.00","1,776.70","1,776.70","1,762.30","0.02K","-0.59%"
"Oct 08, 2012","1,773.50","1,778.00","1,778.00","1,766.80","0.03K","-0.29%"
"Oct 05, 2012","1,778.60","1,792.20","1,792.20","1,776.60","0.26K","-0.86%"
"Oct 04, 2012","1,794.10","1,783.50","1,794.80","1,783.50","0.20K","0.95%"
"Oct 03, 2012","1,777.30","1,772.20","1,779.90","1,771.90","0.13K","0.26%"
"Oct 02, 2012","1,772.70","1,777.90","1,779.30","1,773.10","0.09K","-0.44%"
"Oct 01, 2012","1,780.50","1,766.00","1,791.00","1,763.30","0.82K","0.53%"
"Sep 28, 2012","1,771.10","1,776.80","1,782.20","1,767.50","2.84K","-0.37%"
"Sep 27, 2012","1,777.60","1,752.60","1,780.20","1,750.70","6.99K","1.54%"
"Sep 26, 2012","1,750.60","1,762.80","1,764.20","1,737.60","0.01K","-0.75%"
"Sep 25, 2012","1,763.80","1,772.60","1,772.70","1,772.60","0.01K","0.10%"
"Sep 24, 2012","1,762.10","1,762.10","1,762.10","1,762.10","0.00K","-0.75%"
"Sep 21, 2012","1,775.50","1,785.30","1,785.30","1,772.30","0.01K","0.44%"
"Sep 20, 2012","1,767.70","1,769.10","1,771.30","1,759.70","0.02K","-0.07%"
"Sep 19, 2012","1,769.00","1,776.00","1,778.50","1,768.00","0.03K","0.03%"
"Sep 18, 2012","1,768.40","1,766.30","1,766.40","1,766.30","0.01K","0.04%"
"Sep 17, 2012","1,767.70","1,774.80","1,774.80","1,753.80","0.05K","-0.12%"
"Sep 14, 2012","1,769.80","1,771.00","1,774.50","1,766.00","0.03K","0.04%"
"Sep 13, 2012","1,769.10","1,728.70","1,767.50","1,728.70","0.03K","2.22%"
"Sep 12, 2012","1,730.60","1,742.20","1,742.30","1,730.50","0.02K","-0.07%"
"Sep 11, 2012","1,731.80","1,736.00","1,736.00","1,735.80","0.00K","0.18%"
"Sep 10, 2012","1,728.70","1,733.10","1,733.50","1,727.20","0.01K","-0.51%"
"Sep 07, 2012","1,737.50","1,696.70","1,738.20","1,696.70","0.11K","2.05%"
"Sep 06, 2012","1,702.60","1,696.40","1,712.40","1,696.40","0.04K","0.70%"
"Sep 05, 2012","1,690.80","1,690.40","1,693.30","1,690.40","0.08K","-0.12%"
"Sep 04, 2012","1,692.90","1,689.10","1,698.00","1,687.70","0.04K","0.49%"
"Aug 31, 2012","1,684.60","1,658.60","1,690.00","1,646.20","0.06K","1.88%"
"Aug 30, 2012","1,653.50","1,655.40","1,662.00","1,650.70","0.42K","-0.38%"
"Aug 29, 2012","1,659.80","1,667.20","1,667.30","1,665.20","0.04K","-0.40%"
"Aug 28, 2012","1,666.50","1,659.90","1,671.00","1,659.20","0.05K","-0.35%"
"Aug 27, 2012","1,672.40","1,674.90","1,675.40","1,663.90","0.04K","0.16%"
"Aug 24, 2012","1,669.80","1,665.80","1,669.60","1,662.20","0.02K","0.01%"
"Aug 23, 2012","1,669.60","1,659.90","1,672.70","1,658.00","0.14K","1.97%"
"Aug 22, 2012","1,637.40","1,638.40","1,653.10","1,635.00","0.04K","-0.15%"
"Aug 21, 2012","1,639.90","1,620.00","1,639.00","1,620.00","0.26K","1.22%"
"Aug 20, 2012","1,620.10","1,614.00","1,621.40","1,611.60","0.07K","0.24%"
"Aug 17, 2012","1,616.30","1,617.80","1,617.80","1,611.40","0.25K","0.01%"
"Aug 16, 2012","1,616.10","1,600.20","1,615.70","1,600.20","0.20K","0.77%"
"Aug 15, 2012","1,603.70","1,593.80","1,604.60","1,592.00","0.28K","0.27%"
"Aug 14, 2012","1,599.40","1,612.80","1,615.60","1,591.20","0.91K","-0.63%"
"Aug 13, 2012","1,609.60","1,622.00","1,623.70","1,607.30","0.40K","-0.62%"
"Aug 10, 2012","1,619.70","1,615.80","1,624.10","1,605.00","1.22K","0.16%"
"Aug 09, 2012","1,617.10","1,612.80","1,617.10","1,610.10","0.43K","0.26%"
"Aug 08, 2012","1,612.90","1,610.20","1,614.80","1,603.00","0.34K","0.20%"
"Aug 07, 2012","1,609.70","1,610.80","1,615.70","1,609.00","0.45K","-0.20%"
"Aug 06, 2012","1,612.90","1,604.70","1,614.10","1,603.20","0.66K","0.43%"
"Aug 03, 2012","1,606.00","1,589.30","1,605.70","1,585.10","0.68K","1.17%"
"Aug 02, 2012","1,587.40","1,600.00","1,615.00","1,583.10","0.93K","-1.02%"
"Aug 01, 2012","1,603.70","1,613.40","1,617.60","1,592.00","3.53K","-0.42%"
"Jul 31, 2012","1,610.50","1,621.10","1,627.50","1,610.00","6.28K","-0.57%"
"Jul 30, 2012","1,619.70","1,622.90","1,625.80","1,613.10","52.89K","0.11%"
"Jul 27, 2012","1,617.90","1,613.40","1,613.40","1,613.40","0.06K","0.18%"
"Jul 26, 2012","1,615.00","1,614.90","1,614.90","1,614.10","0.01K","0.44%"
"Jul 25, 2012","1,608.00","1,583.70","1,603.90","1,583.30","0.01K","2.03%"
"Jul 24, 2012","1,576.00","1,574.00","1,581.90","1,574.00","0.01K","-0.07%"
"Jul 23, 2012","1,577.10","1,571.70","1,572.00","1,569.80","0.00K","-0.34%"
"Jul 20, 2012","1,582.50","1,583.90","1,584.40","1,576.10","0.01K","0.15%"
"Jul 19, 2012","1,580.10","1,580.00","1,586.90","1,578.40","0.06K","0.62%"
"Jul 18, 2012","1,570.40","1,581.20","1,583.70","1,569.90","0.03K","-1.18%"
"Jul 17, 2012","1,589.10","1,596.00","1,596.00","1,576.30","0.03K","-0.13%"
"Jul 16, 2012","1,591.20","1,586.20","1,589.70","1,585.80","0.01K","-0.03%"
"Jul 13, 2012","1,591.60","1,567.80","1,594.10","1,567.80","0.03K","1.71%"
"Jul 12, 2012","1,564.90","1,569.30","1,574.70","1,557.20","0.04K","-0.65%"
"Jul 11, 2012","1,575.20","1,577.40","1,579.50","1,575.30","0.01K","-0.26%"
"Jul 10, 2012","1,579.30","1,599.20","1,599.80","1,567.60","0.01K","-0.59%"
"Jul 09, 2012","1,588.60","1,582.10","1,582.10","1,580.90","0.01K","0.65%"
"Jul 06, 2012","1,578.40","1,592.30","1,593.80","1,587.00","0.02K","-1.90%"
"Jul 05, 2012","1,608.90","1,618.50","1,619.20","1,598.00","0.03K","-0.76%"
"Jul 03, 2012","1,621.30","1,603.80","1,624.00","1,603.80","0.04K","1.51%"
"Jul 02, 2012","1,597.20","1,597.10","1,598.30","1,589.70","0.04K","-0.39%"
"Jun 29, 2012","1,603.50","1,562.60","1,600.40","1,561.90","0.06K","3.47%"
"Jun 28, 2012","1,549.70","1,573.70","1,573.70","1,548.40","0.13K","-1.76%"
"Jun 27, 2012","1,577.50","1,567.00","1,571.60","1,563.00","0.05K","0.22%"
"Jun 26, 2012","1,574.00","1,583.50","1,583.50","1,567.70","0.10K","-0.85%"
"Jun 25, 2012","1,587.50","1,574.90","1,587.30","1,571.00","0.03K","1.37%"
"Jun 22, 2012","1,566.00","1,565.50","1,569.30","1,560.00","0.02K","0.10%"
"Jun 21, 2012","1,564.50","1,603.20","1,603.30","1,565.50","0.03K","-3.11%"
"Jun 20, 2012","1,614.80","1,618.30","1,618.30","1,598.60","0.14K","-0.46%"
"Jun 19, 2012","1,622.20","1,629.80","1,630.70","1,622.00","0.03K","-0.22%"
"Jun 18, 2012","1,625.70","1,622.60","1,627.60","1,615.00","0.25K","-0.08%"
"Jun 15, 2012","1,627.00","1,624.30","1,630.00","1,621.50","1.02K","0.53%"
"Jun 14, 2012","1,618.40","1,621.20","1,626.40","1,610.10","0.49K","0.02%"
"Jun 13, 2012","1,618.10","1,608.20","1,622.40","1,608.20","0.66K","0.33%"
"Jun 12, 2012","1,612.70","1,594.10","1,612.80","1,588.50","0.52K","1.08%"
"Jun 11, 2012","1,595.50","1,608.00","1,608.00","1,583.00","0.13K","0.34%"
"Jun 08, 2012","1,590.10","1,589.90","1,593.90","1,566.50","0.16K","0.22%"
"Jun 07, 2012","1,586.60","1,622.60","1,627.20","1,581.90","1.20K","-2.83%"
"Jun 06, 2012","1,632.80","1,619.70","1,639.70","1,616.50","0.42K","1.09%"
"Jun 05, 2012","1,615.20","1,619.30","1,622.70","1,612.90","0.60K","0.19%"
"Jun 04, 2012","1,612.20","1,623.00","1,627.90","1,609.00","2.13K","-0.51%"
"Jun 01, 2012","1,620.50","1,560.00","1,630.00","1,545.50","2.82K","3.71%"
"May 31, 2012","1,562.60","1,562.70","1,572.60","1,551.80","5.90K","-0.05%"
"May 30, 2012","1,563.40","1,553.90","1,569.00","1,530.40","79.89K","0.96%"
"May 29, 2012","1,548.60","1,574.70","1,582.50","1,574.70","0.01K","-1.29%"
"May 25, 2012","1,568.80","1,558.20","1,568.00","1,557.30","0.01K","0.74%"
"May 24, 2012","1,557.30","1,559.00","1,569.40","1,551.50","0.02K","0.59%"
"May 23, 2012","1,548.10","1,538.20","1,538.20","1,534.40","0.01K","-1.79%"
"May 22, 2012","1,576.30","1,575.70","1,591.10","1,568.40","0.03K","-0.76%"
"May 21, 2012","1,588.40","1,591.90","1,594.10","1,591.90","0.03K","-0.20%"
"May 18, 2012","1,591.60","1,573.70","1,590.80","1,568.20","0.03K","1.09%"
"May 17, 2012","1,574.50","1,546.90","1,579.00","1,546.90","0.05K","2.49%"
"May 16, 2012","1,536.20","1,541.40","1,541.40","1,528.50","0.03K","-1.32%"
"May 15, 2012","1,556.80","1,555.40","1,558.30","1,542.40","0.03K","-0.24%"
"May 14, 2012","1,560.60","1,563.00","1,563.10","1,555.50","0.01K","-1.45%"
"May 11, 2012","1,583.60","1,586.10","1,589.60","1,586.10","0.01K","-0.72%"
"May 10, 2012","1,595.10","1,594.20","1,594.40","1,592.40","0.01K","0.09%"
"May 09, 2012","1,593.70","1,595.30","1,595.30","1,586.30","0.03K","-0.64%"
"May 08, 2012","1,604.00","1,636.70","1,636.70","1,596.00","0.15K","-2.11%"
"May 07, 2012","1,638.60","1,637.90","1,640.00","1,632.60","0.02K","-0.37%"
"May 04, 2012","1,644.70","1,635.70","1,645.60","1,629.40","0.07K","0.64%"
"May 03, 2012","1,634.20","1,651.20","1,652.20","1,631.30","0.08K","-1.16%"
"May 02, 2012","1,653.40","1,659.20","1,659.20","1,648.30","0.05K","-0.50%"
"May 01, 2012","1,661.70","1,665.00","1,670.50","1,661.70","0.03K","-0.10%"
"Apr 30, 2012","1,663.40","1,663.00","1,665.70","1,653.00","0.04K","-0.04%"
"Apr 27, 2012","1,664.00","1,654.50","1,666.90","1,654.00","0.24K","0.27%"
"Apr 26, 2012","1,659.60","1,658.30","1,658.70","1,658.30","0.09K","1.11%"
"Apr 25, 2012","1,641.40","1,641.30","1,643.80","1,626.90","0.08K","-0.10%"
"Apr 24, 2012","1,643.00","1,634.40","1,648.60","1,634.40","0.12K","0.68%"
"Apr 23, 2012","1,631.90","1,642.40","1,642.40","1,625.10","0.23K","-0.62%"
"Apr 20, 2012","1,642.10","1,641.70","1,645.60","1,640.90","0.05K","0.09%"
"Apr 19, 2012","1,640.60","1,642.10","1,653.10","1,632.00","0.08K","0.11%"
"Apr 18, 2012","1,638.80","1,653.20","1,653.30","1,638.10","0.27K","-0.70%"
"Apr 17, 2012","1,650.30","1,652.00","1,653.00","1,637.00","0.07K","0.10%"
"Apr 16, 2012","1,648.70","1,650.80","1,656.80","1,641.20","0.72K","-0.63%"
"Apr 13, 2012","1,659.10","1,673.30","1,674.80","1,650.00","0.22K","-1.21%"
"Apr 12, 2012","1,679.50","1,660.00","1,680.10","1,650.00","1.31K","1.24%"
"Apr 11, 2012","1,659.00","1,654.80","1,659.70","1,654.70","0.43K","-0.03%"
"Apr 10, 2012","1,659.50","1,649.00","1,661.70","1,636.20","0.35K","1.04%"
"Apr 09, 2012","1,642.50","1,645.30","1,646.40","1,636.50","0.16K","0.86%"
"Apr 05, 2012","1,628.50","1,620.80","1,633.20","1,620.40","0.29K","1.00%"
"Apr 04, 2012","1,612.30","1,646.50","1,647.00","1,613.00","1.12K","-3.46%"
"Apr 03, 2012","1,670.00","1,677.60","1,679.50","1,638.70","1.17K","-0.45%"
"Apr 02, 2012","1,677.50","1,670.40","1,682.80","1,662.00","2.53K","0.49%"
"Mar 30, 2012","1,669.30","1,660.60","1,670.00","1,659.00","9.83K","1.03%"
"Mar 29, 2012","1,652.20","1,661.80","1,664.50","1,644.30","47.34K","-0.34%"
"Mar 28, 2012","1,657.90","1,670.10","1,670.10","1,665.00","0.02K","-1.60%"
"Mar 27, 2012","1,684.80","1,687.80","1,690.80","1,684.40","0.10K","-0.04%"
"Mar 26, 2012","1,685.50","1,665.00","1,692.90","1,657.80","0.08K","1.40%"
"Mar 23, 2012","1,662.30","1,652.50","1,665.10","1,646.30","0.08K","1.22%"
"Mar 22, 2012","1,642.30","1,648.00","1,649.40","1,633.80","0.32K","-0.47%"
"Mar 21, 2012","1,650.00","1,657.80","1,660.00","1,646.10","0.55K","0.20%"
"Mar 20, 2012","1,646.70","1,648.10","1,652.30","1,642.00","0.25K","-1.21%"
"Mar 19, 2012","1,666.90","1,661.20","1,668.00","1,652.10","0.46K","0.69%"
"Mar 16, 2012","1,655.50","1,660.00","1,663.40","1,641.30","0.32K","-0.22%"
"Mar 15, 2012","1,659.10","1,646.30","1,660.20","1,640.00","0.41K","1.01%"
"Mar 14, 2012","1,642.50","1,676.90","1,681.00","1,637.40","0.20K","-3.02%"
"Mar 13, 2012","1,693.70","1,698.40","1,701.70","1,685.10","0.05K","-0.32%"
"Mar 12, 2012","1,699.20","1,708.10","1,708.10","1,694.90","0.10K","-0.68%"
"Mar 09, 2012","1,710.90","1,698.80","1,706.00","1,680.70","0.07K","0.75%"
"Mar 08, 2012","1,698.10","1,686.40","1,702.40","1,686.40","0.30K","0.88%"
"Mar 07, 2012","1,683.30","1,676.00","1,684.00","1,673.10","0.04K","0.71%"
"Mar 06, 2012","1,671.40","1,708.70","1,708.70","1,666.00","0.18K","-1.86%"
"Mar 05, 2012","1,703.00","1,705.50","1,709.50","1,695.40","0.42K","-0.34%"
"Mar 02, 2012","1,708.80","1,723.00","1,723.00","1,705.20","0.14K","-0.71%"
"Mar 01, 2012","1,721.10","1,698.60","1,724.60","1,698.60","0.21K","0.66%"
"Feb 29, 2012","1,709.90","1,789.90","1,790.40","1,669.00","0.36K","-4.31%"
"Feb 28, 2012","1,787.00","1,767.90","1,789.40","1,767.90","0.31K","0.76%"
"Feb 27, 2012","1,773.60","1,773.60","1,775.60","1,768.10","0.15K","-0.08%"
"Feb 24, 2012","1,775.10","1,778.50","1,780.70","1,771.30","0.13K","-0.55%"
"Feb 23, 2012","1,784.90","1,774.00","1,786.00","1,773.00","0.30K","0.84%"
"Feb 22, 2012","1,770.00","1,758.70","1,781.90","1,750.00","0.16K","0.73%"
"Feb 21, 2012","1,757.10","1,736.10","1,760.00","1,733.60","0.12K","1.89%"
"Feb 17, 2012","1,724.50","1,733.60","1,735.10","1,718.80","0.08K","-0.13%"
"Feb 16, 2012","1,726.80","1,718.40","1,728.40","1,707.00","0.04K","0.03%"
"Feb 15, 2012","1,726.30","1,723.60","1,737.00","1,723.60","0.11K","0.61%"
"Feb 14, 2012","1,715.90","1,720.00","1,724.90","1,715.00","0.09K","-0.41%"
"Feb 13, 2012","1,723.00","1,725.00","1,733.00","1,718.40","0.10K","-0.02%"
"Feb 10, 2012","1,723.30","1,732.70","1,734.40","1,706.40","0.25K","-0.90%"
"Feb 09, 2012","1,739.00","1,731.40","1,749.70","1,726.10","0.12K","0.56%"
"Feb 08, 2012","1,729.30","1,744.00","1,751.50","1,728.20","0.96K","-0.98%"
"Feb 07, 2012","1,746.40","1,722.00","1,748.00","1,713.20","0.27K","1.37%"
"Feb 06, 2012","1,722.80","1,728.00","1,738.30","1,713.30","0.73K","-0.87%"
"Feb 03, 2012","1,737.90","1,758.70","1,761.30","1,724.50","0.54K","-1.08%"
"Feb 02, 2012","1,756.80","1,745.10","1,761.10","1,742.90","2.06K","0.56%"
"Feb 01, 2012","1,747.10","1,738.20","1,751.10","1,734.00","2.03K","0.54%"
"Jan 31, 2012","1,737.80","1,731.70","1,747.70","1,725.00","7.54K","0.39%"
"Jan 30, 2012","1,731.00","1,737.20","1,739.90","1,715.70","53.43K","-0.05%"
"Jan 27, 2012","1,731.80","1,727.00","1,734.10","1,724.40","0.01K","0.32%"
"Jan 26, 2012","1,726.30","1,729.00","1,729.00","1,721.00","0.02K","1.56%"
"Jan 25, 2012","1,699.80","1,673.00","1,706.20","1,658.30","0.24K","2.14%"
"Jan 24, 2012","1,664.20","1,666.90","1,668.20","1,664.40","0.01K","-0.82%"
"Jan 23, 2012","1,678.00","1,676.90","1,680.00","1,669.90","0.01K","0.86%"
"Jan 20, 2012","1,663.70","1,652.80","1,664.30","1,652.80","0.01K","0.58%"
"Jan 19, 2012","1,654.10","1,663.00","1,664.40","1,653.50","0.06K","-0.33%"
"Jan 18, 2012","1,659.50","1,654.00","1,660.30","1,654.00","0.01K","0.26%"
"Jan 17, 2012","1,655.20","1,643.70","1,657.80","1,642.10","0.02K","1.52%"
"Jan 13, 2012","1,630.40","1,638.90","1,643.40","1,632.40","0.37K","-1.03%"
"Jan 12, 2012","1,647.30","1,645.20","1,656.10","1,645.20","0.08K","0.49%"
"Jan 11, 2012","1,639.20","1,634.80","1,645.40","1,633.80","0.07K","0.50%"
"Jan 10, 2012","1,631.00","1,619.90","1,639.00","1,619.90","0.05K","1.46%"
"Jan 09, 2012","1,607.50","1,614.30","1,620.10","1,607.80","0.01K","-0.53%"
"Jan 06, 2012","1,616.10","1,622.50","1,627.80","1,618.60","0.02K","-0.20%"
"Jan 05, 2012","1,619.40","1,610.80","1,624.10","1,597.80","0.36K","0.47%"
"Jan 04, 2012","1,611.90","1,596.60","1,618.60","1,594.50","0.17K","0.76%"
"Jan 03, 2012","1,599.70","1,568.90","1,604.30","1,566.00","0.23K","2.17%"
"Dec 30, 2011","1,565.80","1,549.40","1,579.50","1,547.90","0.29K","1.68%"
"Dec 29, 2011","1,539.90","1,559.30","1,559.30","1,525.00","0.87K","-1.47%"
"Dec 28, 2011","1,562.90","1,584.90","1,588.60","1,561.30","0.05K","-1.96%"
"Dec 27, 2011","1,594.20","1,599.00","1,599.00","1,592.60","0.05K","-0.65%"
"Dec 23, 2011","1,604.70","1,612.00","1,612.80","1,605.80","0.06K","-0.26%"
"Dec 22, 2011","1,608.90","1,608.80","1,610.00","1,601.90","0.60K","-0.19%"
"Dec 21, 2011","1,611.90","1,615.60","1,635.00","1,608.30","0.04K","-0.23%"
"Dec 20, 2011","1,615.60","1,596.40","1,617.00","1,596.40","0.22K","1.33%"
"Dec 19, 2011","1,594.40","1,596.40","1,603.40","1,589.70","0.09K","-0.08%"
"Dec 16, 2011","1,595.60","1,587.40","1,595.90","1,586.00","0.06K","1.33%"
"Dec 15, 2011","1,574.60","1,571.40","1,592.80","1,565.60","0.59K","-0.61%"
"Dec 14, 2011","1,584.30","1,636.50","1,639.50","1,565.80","0.89K","-4.55%"
"Dec 13, 2011","1,659.90","1,654.70","1,671.80","1,628.00","0.27K","-0.26%"
"Dec 12, 2011","1,664.20","1,707.50","1,708.20","1,658.50","0.89K","-2.84%"
"Dec 09, 2011","1,712.80","1,713.30","1,720.70","1,705.70","0.57K","0.18%"
"Dec 08, 2011","1,709.80","1,742.00","1,752.30","1,705.40","0.94K","-1.79%"
"Dec 07, 2011","1,740.90","1,730.60","1,741.90","1,720.00","0.30K","0.75%"
"Dec 06, 2011","1,727.90","1,722.10","1,731.80","1,703.00","0.65K","-0.16%"
"Dec 05, 2011","1,730.70","1,748.90","1,752.60","1,718.70","0.76K","-0.93%"
"Dec 02, 2011","1,747.00","1,744.80","1,762.90","1,741.60","1.07K","0.67%"
"Dec 01, 2011","1,735.30","1,747.00","1,753.30","1,734.50","1.35K","-0.58%"
"Nov 30, 2011","1,745.50","1,714.00","1,749.20","1,699.90","15.46K","1.87%"
"Nov 29, 2011","1,713.40","1,711.30","1,718.40","1,704.00","64.79K","0.15%"
"Nov 28, 2011","1,710.80","1,710.80","1,710.80","1,710.80","-","1.50%"
"Nov 25, 2011","1,685.50","1,690.10","1,693.50","1,675.30","0.03K","-0.60%"
"Nov 23, 2011","1,695.70","1,691.20","1,700.00","1,681.60","0.03K","-0.38%"
"Nov 22, 2011","1,702.20","1,675.40","1,679.80","1,675.40","0.01K","1.42%"
"Nov 21, 2011","1,678.30","1,704.60","1,704.60","1,674.40","0.01K","-2.69%"
"Nov 18, 2011","1,724.70","1,725.00","1,736.00","1,719.00","0.01K","0.28%"
"Nov 17, 2011","1,719.80","1,755.30","1,755.30","1,714.00","0.05K","-3.04%"
"Nov 16, 2011","1,773.80","1,777.50","1,777.50","1,757.70","0.07K","-0.44%"
"Nov 15, 2011","1,781.70","1,779.20","1,783.10","1,761.30","0.02K","0.22%"
"Nov 14, 2011","1,777.80","1,779.00","1,779.00","1,779.00","0.02K","-0.54%"
"Nov 11, 2011","1,787.50","1,777.00","1,789.50","1,777.00","0.03K","1.63%"
"Nov 10, 2011","1,758.90","1,766.80","1,766.80","1,754.80","0.02K","-1.79%"
"Nov 09, 2011","1,790.90","1,793.00","1,793.00","1,774.20","0.01K","-0.42%"
"Nov 08, 2011","1,798.40","1,785.70","1,785.70","1,785.70","0.01K","0.45%"
"Nov 07, 2011","1,790.30","1,771.50","1,797.00","1,768.70","0.04K","1.99%"
"Nov 04, 2011","1,755.30","1,757.00","1,761.20","1,754.90","0.05K","-0.50%"
"Nov 03, 2011","1,764.20","1,740.50","1,766.00","1,726.60","0.29K","2.05%"
"Nov 02, 2011","1,728.70","1,724.30","1,741.40","1,723.20","0.29K","1.03%"
"Nov 01, 2011","1,711.00","1,706.70","1,720.10","1,682.50","0.25K","-0.77%"
"Oct 31, 2011","1,724.20","1,741.90","1,741.90","1,716.00","0.06K","-1.26%"
"Oct 28, 2011","1,746.20","1,752.00","1,752.00","1,733.00","0.16K","-0.03%"
"Oct 27, 2011","1,746.70","1,717.80","1,735.50","1,717.80","0.02K","1.39%"
"Oct 26, 2011","1,722.70","1,717.00","1,723.60","1,708.90","0.14K","1.36%"
"Oct 25, 2011","1,699.60","1,645.00","1,706.80","1,645.00","0.36K","2.91%"
"Oct 24, 2011","1,651.50","1,646.20","1,657.80","1,638.80","0.31K","1.00%"
"Oct 21, 2011","1,635.10","1,626.10","1,647.40","1,626.10","0.03K","1.44%"
"Oct 20, 2011","1,611.90","1,643.20","1,643.80","1,608.70","0.09K","-2.07%"
"Oct 19, 2011","1,646.00","1,659.30","1,659.30","1,641.00","0.02K","-0.35%"
"Oct 18, 2011","1,651.70","1,666.00","1,666.00","1,627.50","0.09K","-1.42%"
"Oct 17, 2011","1,675.50","1,683.60","1,693.50","1,667.30","0.04K","-0.37%"
"Oct 14, 2011","1,681.80","1,665.80","1,683.30","1,665.80","0.05K","0.87%"
"Oct 13, 2011","1,667.30","1,676.10","1,678.80","1,656.20","0.15K","-0.83%"
"Oct 12, 2011","1,681.30","1,667.10","1,691.00","1,665.90","0.04K","1.30%"
"Oct 11, 2011","1,659.70","1,685.00","1,685.00","1,657.60","0.15K","-0.59%"
"Oct 10, 2011","1,669.60","1,645.60","1,676.80","1,645.60","0.06K","2.15%"
"Oct 07, 2011","1,634.50","1,657.00","1,665.00","1,626.20","0.07K","-1.05%"
"Oct 06, 2011","1,651.90","1,642.60","1,654.70","1,637.60","0.04K","0.71%"
"Oct 05, 2011","1,640.30","1,629.30","1,644.70","1,599.60","0.11K","1.59%"
"Oct 04, 2011","1,614.70","1,661.00","1,678.10","1,596.60","0.16K","-2.49%"
"Oct 03, 2011","1,656.00","1,627.80","1,660.80","1,627.60","0.10K","2.20%"
"Sep 30, 2011","1,620.40","1,620.80","1,639.40","1,609.40","0.28K","0.30%"
"Sep 29, 2011","1,615.50","1,604.00","1,633.80","1,585.00","7.18K","-0.05%"
"Sep 28, 2011","1,616.30","1,650.00","1,650.00","1,650.00","0.04K","-2.08%"
"Sep 27, 2011","1,650.60","1,653.80","1,665.40","1,653.70","0.05K","3.65%"
"Sep 26, 2011","1,592.50","1,646.40","1,661.80","1,562.40","0.15K","-2.75%"
"Sep 23, 2011","1,637.50","1,737.30","1,737.30","1,636.30","0.08K","-5.85%"
"Sep 22, 2011","1,739.20","1,773.20","1,773.20","1,730.90","0.02K","-3.67%"
"Sep 21, 2011","1,805.50","1,808.00","1,812.00","1,782.80","0.02K","-0.06%"
"Sep 20, 2011","1,806.60","1,778.80","1,807.80","1,776.00","0.09K","1.70%"
"Sep 19, 2011","1,776.40","1,814.70","1,818.90","1,781.80","0.01K","-1.97%"
"Sep 16, 2011","1,812.10","1,768.50","1,819.10","1,768.50","0.11K","1.89%"
"Sep 15, 2011","1,778.50","1,816.30","1,816.30","1,775.80","0.08K","-2.47%"
"Sep 14, 2011","1,823.50","1,843.00","1,843.00","1,809.00","0.16K","-0.18%"
"Sep 13, 2011","1,826.80","1,817.80","1,835.30","1,808.10","0.05K","0.93%"
"Sep 12, 2011","1,809.90","1,852.40","1,852.40","1,806.00","0.25K","-2.50%"
"Sep 09, 2011","1,856.40","1,858.10","1,881.30","1,830.00","0.19K","0.11%"
"Sep 08, 2011","1,854.40","1,839.30","1,870.00","1,835.00","0.14K","2.22%"
"Sep 07, 2011","1,814.20","1,868.90","1,873.70","1,792.80","0.47K","-2.98%"
"Sep 06, 2011","1,869.90","1,886.30","1,911.60","1,864.00","0.54K","-0.20%"
"Sep 02, 2011","1,873.70","1,828.60","1,884.20","1,828.60","0.44K","2.61%"
"Sep 01, 2011","1,826.00","1,825.80","1,829.50","1,814.10","0.26K","-0.14%"
"Aug 31, 2011","1,828.50","1,830.60","1,837.90","1,811.40","0.34K","0.10%"
"Aug 30, 2011","1,826.70","1,787.20","1,839.60","1,783.10","0.60K","2.14%"
"Aug 29, 2011","1,788.40","1,817.90","1,817.90","1,786.70","0.04K","-0.32%"
"Aug 26, 2011","1,794.10","1,768.50","1,829.30","1,768.50","0.27K","1.95%"
"Aug 25, 2011","1,759.80","1,748.40","1,772.50","1,707.30","0.86K","0.32%"
"Aug 24, 2011","1,754.10","1,833.00","1,853.10","1,753.10","0.99K","-5.61%"
"Aug 23, 2011","1,858.30","1,909.00","1,909.30","1,824.60","0.46K","-1.61%"
"Aug 22, 2011","1,888.70","1,868.60","1,895.00","1,858.40","1.11K","2.15%"
"Aug 19, 2011","1,848.90","1,823.70","1,874.40","1,823.70","0.33K","1.65%"
"Aug 18, 2011","1,818.90","1,786.50","1,828.50","1,785.50","0.87K","1.55%"
"Aug 17, 2011","1,791.20","1,784.80","1,794.30","1,782.00","0.23K","0.49%"
"Aug 16, 2011","1,782.40","1,769.00","1,787.30","1,761.60","0.28K","1.53%"
"Aug 15, 2011","1,755.50","1,734.90","1,765.20","1,730.50","0.98K","0.88%"
"Aug 12, 2011","1,740.20","1,760.60","1,764.20","1,723.80","1.17K","-0.49%"
"Aug 11, 2011","1,748.80","1,795.10","1,813.50","1,733.00","1.50K","-1.82%"
"Aug 10, 2011","1,781.30","1,744.00","1,795.60","1,741.30","0.97K","2.37%"
"Aug 09, 2011","1,740.00","1,722.50","1,779.00","1,720.10","1.86K","1.74%"
"Aug 08, 2011","1,710.20","1,679.10","1,720.00","1,678.10","1.89K","3.72%"
"Aug 05, 2011","1,648.80","1,647.50","1,666.10","1,642.60","0.83K","-0.45%"
"Aug 04, 2011","1,656.20","1,660.50","1,681.80","1,640.00","1.95K","-0.43%"
"Aug 03, 2011","1,663.40","1,659.90","1,672.30","1,651.60","2.02K","1.31%"
"Aug 02, 2011","1,641.90","1,619.30","1,660.60","1,616.80","2.44K","1.41%"
"Aug 01, 2011","1,619.00","1,623.00","1,631.80","1,607.00","2.89K","-0.57%"
"Jul 29, 2011","1,628.30","1,617.10","1,634.90","1,610.60","6.76K","0.92%"
"Jul 28, 2011","1,613.40","1,614.20","1,620.60","1,602.80","70.26K","-0.10%"
"Jul 27, 2011","1,615.00","1,619.70","1,622.50","1,617.00","0.02K","-0.10%"
"Jul 26, 2011","1,616.60","1,609.80","1,618.50","1,609.80","0.03K","0.29%"
"Jul 25, 2011","1,612.00","1,610.00","1,619.40","1,610.00","0.07K","0.67%"
"Jul 22, 2011","1,601.30","1,588.50","1,606.50","1,588.50","0.01K","0.91%"
"Jul 21, 2011","1,586.80","1,598.00","1,601.60","1,586.60","0.02K","-0.62%"
"Jul 20, 2011","1,596.70","1,584.30","1,596.50","1,582.40","0.01K","-0.26%"
"Jul 19, 2011","1,600.90","1,608.10","1,608.80","1,583.30","0.06K","-0.07%"
"Jul 18, 2011","1,602.10","1,592.80","1,605.00","1,592.80","0.01K","0.77%"
"Jul 15, 2011","1,589.80","1,582.30","1,592.20","1,582.30","0.01K","0.05%"
"Jul 14, 2011","1,589.00","1,586.30","1,592.80","1,583.60","0.02K","0.24%"
"Jul 13, 2011","1,585.20","1,574.00","1,585.60","1,570.80","0.03K","1.49%"
"Jul 12, 2011","1,561.90","1,548.20","1,565.00","1,542.00","0.01K","0.85%"
"Jul 11, 2011","1,548.80","1,550.00","1,555.20","1,543.10","0.01K","0.49%"
"Jul 08, 2011","1,541.20","1,527.00","1,542.60","1,526.60","0.00K","0.72%"
"Jul 07, 2011","1,530.20","1,529.10","1,533.10","1,522.70","0.06K","0.10%"
"Jul 06, 2011","1,528.70","1,513.70","1,532.80","1,510.30","0.07K","1.08%"
"Jul 05, 2011","1,512.30","1,490.40","1,515.00","1,490.30","0.20K","2.02%"
"Jul 01, 2011","1,482.30","1,502.20","1,502.20","1,480.00","0.07K","-1.33%"
"Jun 30, 2011","1,502.30","1,511.50","1,514.00","1,498.80","0.07K","-0.50%"
"Jun 29, 2011","1,509.90","1,504.10","1,512.20","1,504.10","0.40K","0.68%"
"Jun 28, 2011","1,499.70","1,499.90","1,505.00","1,496.10","0.17K","0.25%"
"Jun 27, 2011","1,496.00","1,503.50","1,503.50","1,490.70","0.14K","-0.30%"
"Jun 24, 2011","1,500.50","1,524.70","1,525.00","1,498.50","0.26K","-1.29%"
"Jun 23, 2011","1,520.10","1,547.20","1,547.20","1,514.70","0.30K","-2.11%"
"Jun 22, 2011","1,552.90","1,547.20","1,558.50","1,544.40","0.22K","0.45%"
"Jun 21, 2011","1,546.00","1,540.10","1,547.50","1,540.00","0.13K","0.29%"
"Jun 20, 2011","1,541.50","1,536.00","1,545.70","1,535.20","0.10K","0.19%"
"Jun 17, 2011","1,538.60","1,523.00","1,541.60","1,523.00","0.07K","0.61%"
"Jun 16, 2011","1,529.30","1,526.00","1,531.20","1,522.00","0.16K","0.24%"
"Jun 15, 2011","1,525.60","1,525.00","1,533.40","1,515.00","0.65K","0.12%"
"Jun 14, 2011","1,523.80","1,517.20","1,526.20","1,513.10","0.31K","0.58%"
"Jun 13, 2011","1,515.00","1,528.10","1,533.00","1,511.30","0.85K","-0.89%"
"Jun 10, 2011","1,528.60","1,543.70","1,543.90","1,526.40","0.63K","-0.88%"
"Jun 09, 2011","1,542.10","1,536.10","1,548.80","1,534.40","0.29K","0.26%"
"Jun 08, 2011","1,538.10","1,544.20","1,544.20","1,531.30","0.49K","-0.34%"
"Jun 07, 2011","1,543.30","1,545.00","1,549.90","1,537.20","2.53K","-0.21%"
"Jun 06, 2011","1,546.50","1,542.90","1,553.90","1,542.00","0.69K","0.31%"
"Jun 03, 2011","1,541.70","1,534.70","1,546.30","1,525.00","1.75K","0.63%"
"Jun 02, 2011","1,532.00","1,541.30","1,544.50","1,520.00","1.65K","-0.67%"
"Jun 01, 2011","1,542.40","1,535.70","1,550.60","1,529.70","2.85K","0.42%"
"May 31, 2011","1,535.90","1,536.70","1,541.10","1,532.40","6.15K","-0.03%"
"May 27, 2011","1,536.30","1,519.40","1,538.50","1,518.40","76.72K","0.89%"
"May 26, 2011","1,522.80","1,521.20","1,521.20","1,519.50","0.05K","-0.25%"
"May 25, 2011","1,526.60","1,526.40","1,527.50","1,526.10","0.01K","0.22%"
"May 24, 2011","1,523.20","1,527.10","1,527.10","1,521.90","0.00K","0.52%"
"May 23, 2011","1,515.30","1,510.50","1,513.00","1,507.00","0.04K","0.43%"
"May 20, 2011","1,508.80","1,499.00","1,513.30","1,488.70","0.09K","1.11%"
"May 19, 2011","1,492.20","1,491.50","1,491.50","1,491.50","0.00K","-0.23%"
"May 18, 2011","1,495.60","1,496.40","1,497.00","1,496.30","0.08K","1.07%"
"May 17, 2011","1,479.80","1,489.80","1,491.80","1,473.00","0.04K","-0.71%"
"May 16, 2011","1,490.40","1,489.30","1,494.90","1,489.30","0.01K","-0.20%"
"May 13, 2011","1,493.40","1,503.50","1,511.30","1,490.20","0.02K","-0.88%"
"May 12, 2011","1,506.60","1,492.10","1,502.70","1,484.80","0.01K","0.37%"
"May 11, 2011","1,501.10","1,524.00","1,524.10","1,495.20","0.03K","-1.02%"
"May 10, 2011","1,516.60","1,508.40","1,516.90","1,508.40","0.01K","0.91%"
"May 09, 2011","1,502.90","1,501.50","1,512.80","1,501.30","0.04K","0.78%"
"May 06, 2011","1,491.20","1,473.20","1,494.80","1,472.30","0.14K","0.70%"
"May 05, 2011","1,480.90","1,514.70","1,520.70","1,471.00","0.13K","-2.24%"
"May 04, 2011","1,514.90","1,535.00","1,539.00","1,506.20","0.27K","-1.64%"
"May 03, 2011","1,540.10","1,542.50","1,547.00","1,527.50","0.25K","-1.07%"
"May 02, 2011","1,556.70","1,572.90","1,576.60","1,543.10","0.20K","0.04%"
"Apr 29, 2011","1,556.00","1,538.70","1,568.70","1,537.30","0.12K","1.65%"
"Apr 28, 2011","1,530.80","1,528.60","1,536.00","1,526.60","0.43K","0.93%"
"Apr 27, 2011","1,516.70","1,507.10","1,512.80","1,505.20","0.21K","0.91%"
"Apr 26, 2011","1,503.00","1,501.50","1,506.30","1,495.00","0.22K","-0.37%"
"Apr 25, 2011","1,508.60","1,513.30","1,518.00","1,502.80","0.23K","0.36%"
"Apr 21, 2011","1,503.20","1,503.70","1,508.30","1,501.70","0.24K","0.33%"
"Apr 20, 2011","1,498.30","1,494.00","1,505.30","1,494.00","0.39K","0.25%"
"Apr 19, 2011","1,494.50","1,493.30","1,499.50","1,489.00","0.17K","0.15%"
"Apr 18, 2011","1,492.30","1,486.30","1,497.30","1,477.50","0.65K","0.47%"
"Apr 15, 2011","1,485.30","1,477.60","1,487.50","1,473.20","0.29K","0.92%"
"Apr 14, 2011","1,471.70","1,456.80","1,476.00","1,452.70","0.54K","1.15%"
"Apr 13, 2011","1,454.90","1,455.00","1,462.00","1,454.00","0.20K","0.14%"
"Apr 12, 2011","1,452.90","1,461.80","1,467.20","1,444.40","0.35K","-0.99%"
"Apr 11, 2011","1,467.40","1,476.00","1,476.00","1,459.70","0.38K","-0.41%"
"Apr 08, 2011","1,473.40","1,457.60","1,475.50","1,457.50","1.41K","1.02%"
"Apr 07, 2011","1,458.50","1,459.70","1,462.70","1,453.90","0.23K","0.05%"
"Apr 06, 2011","1,457.70","1,456.90","1,462.30","1,452.00","0.90K","0.41%"
"Apr 05, 2011","1,451.80","1,437.90","1,457.60","1,430.30","2.61K","1.37%"
"Apr 04, 2011","1,432.20","1,429.10","1,439.10","1,428.80","0.68K","0.29%"
"Apr 01, 2011","1,428.10","1,433.40","1,436.50","1,413.00","5.32K","-0.75%"
"Mar 31, 2011","1,438.90","1,423.30","1,440.00","1,420.70","8.23K","1.06%"
"Mar 30, 2011","1,423.80","1,418.70","1,430.30","1,412.00","47.01K","0.55%"
"Mar 29, 2011","1,416.00","1,416.00","1,416.00","1,416.00","-","-0.27%"
"Mar 28, 2011","1,419.80","1,413.20","1,415.60","1,413.20","0.01K","-0.44%"
"Mar 25, 2011","1,426.10","1,436.00","1,436.00","1,436.00","0.00K","-0.61%"
"Mar 24, 2011","1,434.80","1,437.70","1,446.90","1,437.50","0.03K","-0.22%"
"Mar 23, 2011","1,437.90","1,432.20","1,439.70","1,432.20","0.02K","0.73%"
"Mar 22, 2011","1,427.50","1,430.40","1,430.40","1,430.40","0.09K","0.09%"
"Mar 21, 2011","1,426.20","1,433.50","1,433.50","1,430.80","0.04K","0.73%"
"Mar 18, 2011","1,415.90","1,406.40","1,419.30","1,406.40","0.01K","0.85%"
"Mar 17, 2011","1,404.00","1,387.70","1,393.60","1,387.70","0.03K","0.57%"
"Mar 16, 2011","1,396.00","1,398.00","1,404.20","1,394.30","0.04K","0.24%"
"Mar 15, 2011","1,392.60","1,413.30","1,413.30","1,385.50","0.02K","-2.25%"
"Mar 14, 2011","1,424.60","1,420.00","1,427.70","1,420.00","0.06K","0.22%"
"Mar 11, 2011","1,421.50","1,413.70","1,422.60","1,404.90","0.02K","0.66%"
"Mar 10, 2011","1,412.20","1,429.50","1,429.80","1,403.80","0.02K","-1.20%"
"Mar 09, 2011","1,429.30","1,430.00","1,435.70","1,426.10","0.10K","0.17%"
"Mar 08, 2011","1,426.90","1,431.60","1,432.60","1,424.30","0.20K","-0.50%"
"Mar 07, 2011","1,434.10","1,434.50","1,445.00","1,429.50","0.61K","0.41%"
"Mar 04, 2011","1,428.20","1,418.90","1,429.80","1,416.80","0.06K","0.86%"
"Mar 03, 2011","1,416.00","1,432.30","1,432.30","1,415.90","0.24K","-1.48%"
"Mar 02, 2011","1,437.20","1,432.50","1,440.50","1,428.80","1.60K","0.45%"
"Mar 01, 2011","1,430.70","1,415.30","1,434.40","1,415.30","0.12K","1.52%"
"Feb 28, 2011","1,409.30","1,410.70","1,415.70","1,407.70","0.21K","0.04%"
"Feb 25, 2011","1,408.70","1,401.70","1,411.00","1,401.00","0.35K","-0.47%"
"Feb 24, 2011","1,415.30","1,415.10","1,415.30","1,408.30","0.07K","0.13%"
"Feb 23, 2011","1,413.40","1,397.80","1,413.80","1,397.80","0.32K","0.92%"
"Feb 22, 2011","1,400.50","1,395.10","1,408.70","1,395.10","0.43K","0.89%"
"Feb 18, 2011","1,388.20","1,384.10","1,391.80","1,381.80","0.10K","0.25%"
"Feb 17, 2011","1,384.70","1,377.70","1,384.70","1,377.00","0.11K","0.73%"
"Feb 16, 2011","1,374.70","1,373.60","1,382.00","1,370.50","0.16K","0.08%"
"Feb 15, 2011","1,373.60","1,361.60","1,376.00","1,361.60","0.32K","0.66%"
"Feb 14, 2011","1,364.60","1,357.80","1,365.60","1,356.60","0.18K","0.35%"
"Feb 11, 2011","1,359.90","1,364.00","1,368.80","1,355.20","0.49K","-0.15%"
"Feb 10, 2011","1,361.90","1,364.30","1,364.50","1,351.70","0.31K","-0.21%"
"Feb 09, 2011","1,364.80","1,362.80","1,366.50","1,359.60","0.15K","0.10%"
"Feb 08, 2011","1,363.40","1,351.20","1,367.00","1,350.00","2.54K","1.17%"
"Feb 07, 2011","1,347.60","1,345.80","1,353.80","1,343.80","1.00K","-0.05%"
"Feb 04, 2011","1,348.30","1,354.80","1,360.00","1,345.00","0.59K","-0.30%"
"Feb 03, 2011","1,352.30","1,335.60","1,355.80","1,324.90","1.87K","1.56%"
"Feb 02, 2011","1,331.50","1,344.00","1,344.00","1,327.00","1.36K","-0.60%"
"Feb 01, 2011","1,339.60","1,333.10","1,342.90","1,325.30","3.18K","0.43%"
"Jan 31, 2011","1,333.80","1,339.00","1,345.90","1,323.30","13.66K","-0.51%"
"Jan 28, 2011","1,340.70","1,314.00","1,346.60","1,307.70","73.02K","1.69%"
"Jan 27, 2011","1,318.40","1,342.00","1,342.00","1,318.40","0.02K","-1.10%"
"Jan 26, 2011","1,333.00","1,339.80","1,341.70","1,339.80","0.00K","0.05%"
"Jan 25, 2011","1,332.30","1,330.40","1,331.50","1,323.60","0.39K","-0.91%"
"Jan 24, 2011","1,344.50","1,352.30","1,352.30","1,341.80","0.00K","0.26%"
"Jan 21, 2011","1,341.00","1,341.70","1,345.60","1,338.60","0.02K","-0.41%"
"Jan 20, 2011","1,346.50","1,367.70","1,367.70","1,345.00","0.01K","-1.73%"
"Jan 19, 2011","1,370.20","1,371.90","1,376.20","1,367.00","0.04K","0.15%"
"Jan 18, 2011","1,368.10","1,365.10","1,371.00","1,359.20","0.11K","0.57%"
"Jan 14, 2011","1,360.40","1,375.00","1,376.00","1,356.70","0.25K","-1.91%"
"Jan 13, 2011","1,386.90","1,386.10","1,392.50","1,371.40","0.07K","0.09%"
"Jan 12, 2011","1,385.70","1,382.60","1,385.50","1,378.00","0.20K","0.12%"
"Jan 11, 2011","1,384.00","1,375.40","1,384.50","1,373.90","0.01K","0.75%"
"Jan 10, 2011","1,373.70","1,369.00","1,374.00","1,365.70","0.18K","0.38%"
"Jan 07, 2011","1,368.50","1,372.70","1,377.20","1,355.50","0.23K","-0.21%"
"Jan 06, 2011","1,371.40","1,374.80","1,376.50","1,368.90","0.16K","-0.15%"
"Jan 05, 2011","1,373.40","1,383.40","1,384.00","1,364.20","0.18K","-0.37%"
"Jan 04, 2011","1,378.50","1,409.60","1,410.90","1,375.80","0.12K","-3.10%"
"Jan 03, 2011","1,422.60","1,415.60","1,423.90","1,413.70","0.03K","0.11%"
"Dec 31, 2010","1,421.10","1,405.70","1,420.70","1,405.70","0.05K","1.10%"
"Dec 30, 2010","1,405.60","1,413.80","1,413.80","1,403.10","0.19K","-0.53%"
"Dec 29, 2010","1,413.10","1,403.40","1,412.20","1,402.90","0.04K","0.56%"
"Dec 28, 2010","1,405.20","1,389.80","1,406.70","1,389.80","0.52K","1.65%"
"Dec 27, 2010","1,382.40","1,373.50","1,384.20","1,373.50","0.32K","0.17%"
"Dec 23, 2010","1,380.00","1,388.40","1,388.40","1,373.70","0.10K","-0.49%"
"Dec 22, 2010","1,386.80","1,388.00","1,389.50","1,385.00","0.06K","-0.10%"
"Dec 21, 2010","1,388.20","1,385.80","1,390.00","1,381.50","0.11K","0.19%"
"Dec 20, 2010","1,385.50","1,379.50","1,386.70","1,376.50","0.13K","0.50%"
"Dec 17, 2010","1,378.60","1,376.40","1,377.50","1,365.90","0.10K","0.60%"
"Dec 16, 2010","1,370.40","1,380.90","1,385.00","1,362.50","0.23K","-1.09%"
"Dec 15, 2010","1,385.50","1,394.00","1,394.00","1,379.50","0.22K","-1.29%"
"Dec 14, 2010","1,403.60","1,401.90","1,407.60","1,391.80","0.43K","0.45%"
"Dec 13, 2010","1,397.30","1,384.50","1,399.20","1,383.60","0.19K","0.94%"
"Dec 10, 2010","1,384.30","1,388.90","1,392.00","1,373.10","0.46K","-0.56%"
"Dec 09, 2010","1,392.10","1,380.60","1,394.20","1,380.50","0.97K","0.69%"
"Dec 08, 2010","1,382.50","1,402.50","1,403.80","1,372.00","1.68K","-1.83%"
"Dec 07, 2010","1,408.30","1,424.50","1,431.10","1,398.00","0.87K","-0.49%"
"Dec 06, 2010","1,415.30","1,414.00","1,428.40","1,410.00","0.83K","0.70%"
"Dec 03, 2010","1,405.40","1,385.10","1,415.10","1,385.10","2.34K","1.22%"
"Dec 02, 2010","1,388.50","1,387.60","1,398.60","1,383.30","1.55K","0.09%"
"Dec 01, 2010","1,387.30","1,386.80","1,396.60","1,382.30","4.76K","0.17%"
"Nov 30, 2010","1,385.00","1,366.70","1,390.10","1,362.80","11.37K","1.39%"
"Nov 29, 2010","1,366.00","1,364.00","1,369.30","1,352.60","94.49K","0.27%"
"Nov 26, 2010","1,362.30","1,372.10","1,372.10","1,372.10","0.00K","-0.77%"
"Nov 24, 2010","1,372.90","1,377.80","1,377.80","1,377.80","0.00K","-0.33%"
"Nov 23, 2010","1,377.50","1,369.40","1,376.40","1,364.50","0.02K","1.46%"
"Nov 22, 2010","1,357.70","1,357.70","1,357.70","1,357.70","-","0.41%"
"Nov 19, 2010","1,352.20","1,350.70","1,352.00","1,344.50","0.01K","-0.05%"
"Nov 18, 2010","1,352.90","1,349.50","1,353.20","1,347.70","0.02K","1.20%"
"Nov 17, 2010","1,336.80","1,336.90","1,341.80","1,331.30","0.05K","-0.11%"
"Nov 16, 2010","1,338.30","1,356.50","1,358.20","1,329.50","0.07K","-2.20%"
"Nov 15, 2010","1,368.40","1,363.70","1,372.60","1,355.30","0.05K","0.22%"
"Nov 12, 2010","1,365.40","1,407.90","1,407.90","1,360.10","0.18K","-2.69%"
"Nov 11, 2010","1,403.10","1,400.70","1,413.50","1,397.30","0.03K","0.29%"
"Nov 10, 2010","1,399.10","1,395.20","1,408.10","1,384.00","0.03K","-0.76%"
"Nov 09, 2010","1,409.80","1,405.20","1,423.20","1,382.90","0.08K","0.50%"
"Nov 08, 2010","1,402.80","1,390.50","1,409.20","1,387.10","0.11K","0.39%"
"Nov 05, 2010","1,397.30","1,390.70","1,398.00","1,378.20","0.11K","1.06%"
"Nov 04, 2010","1,382.70","1,368.60","1,392.50","1,368.60","0.11K","3.41%"
"Nov 03, 2010","1,337.10","1,351.40","1,359.20","1,327.50","0.14K","-1.42%"
"Nov 02, 2010","1,356.40","1,356.80","1,356.80","1,355.50","0.02K","0.46%"
"Nov 01, 2010","1,350.20","1,360.30","1,360.30","1,350.70","0.04K","-0.51%"
"Oct 29, 2010","1,357.10","1,340.20","1,358.70","1,336.80","0.07K","1.12%"
"Oct 28, 2010","1,342.10","1,327.90","1,343.60","1,325.90","0.19K","1.51%"
"Oct 27, 2010","1,322.20","1,341.00","1,341.80","1,321.10","0.09K","-1.18%"
"Oct 26, 2010","1,338.00","1,341.20","1,341.20","1,328.30","0.20K","-0.02%"
"Oct 25, 2010","1,338.30","1,333.60","1,349.10","1,333.10","0.19K","1.05%"
"Oct 22, 2010","1,324.40","1,326.70","1,328.10","1,319.00","0.11K","-0.02%"
"Oct 21, 2010","1,324.70","1,344.20","1,346.20","1,317.50","0.10K","-1.38%"
"Oct 20, 2010","1,343.30","1,336.00","1,345.80","1,334.20","0.15K","0.61%"
"Oct 19, 2010","1,335.10","1,366.80","1,370.50","1,328.50","0.30K","-2.63%"
"Oct 18, 2010","1,371.20","1,358.00","1,372.60","1,358.00","0.05K","0.01%"
"Oct 15, 2010","1,371.10","1,379.20","1,382.40","1,364.70","0.17K","-0.41%"
"Oct 14, 2010","1,376.70","1,372.80","1,383.90","1,371.30","0.11K","0.53%"
"Oct 13, 2010","1,369.50","1,356.40","1,374.00","1,355.10","0.25K","1.77%"
"Oct 12, 2010","1,345.70","1,346.90","1,352.20","1,343.60","0.11K","-0.56%"
"Oct 11, 2010","1,353.30","1,346.70","1,353.70","1,344.00","0.08K","0.68%"
"Oct 08, 2010","1,344.20","1,333.50","1,348.40","1,325.00","0.08K","0.77%"
"Oct 07, 2010","1,333.90","1,347.90","1,363.20","1,325.70","0.26K","-0.93%"
"Oct 06, 2010","1,346.40","1,339.10","1,349.00","1,339.00","0.22K","0.56%"
"Oct 05, 2010","1,338.90","1,312.90","1,341.10","1,312.90","0.20K","1.79%"
"Oct 04, 2010","1,315.40","1,318.30","1,319.10","1,312.00","0.10K","-0.05%"
"Oct 01, 2010","1,316.10","1,309.00","1,320.00","1,309.00","0.15K","0.63%"
"Sep 30, 2010","1,307.80","1,307.20","1,315.20","1,295.70","0.58K","-0.05%"
"Sep 29, 2010","1,308.50","1,309.40","1,312.50","1,305.00","6.75K","0.15%"
"Sep 28, 2010","1,306.60","1,287.50","1,308.60","1,287.50","0.08K","0.76%"
"Sep 27, 2010","1,296.70","1,297.80","1,297.90","1,296.30","0.07K","0.05%"
"Sep 24, 2010","1,296.00","1,296.80","1,297.40","1,294.20","0.04K","0.13%"
"Sep 23, 2010","1,294.30","1,289.40","1,294.20","1,289.40","0.05K","0.32%"
"Sep 22, 2010","1,290.20","1,293.50","1,294.50","1,288.50","0.02K","1.40%"
"Sep 21, 2010","1,272.40","1,278.20","1,289.80","1,271.80","0.06K","-0.52%"
"Sep 20, 2010","1,279.00","1,281.70","1,282.00","1,279.30","0.03K","0.27%"
"Sep 17, 2010","1,275.60","1,275.80","1,279.60","1,273.80","0.05K","0.29%"
"Sep 16, 2010","1,271.90","1,268.70","1,275.20","1,266.60","0.04K","0.41%"
"Sep 15, 2010","1,266.70","1,268.40","1,269.80","1,263.50","0.03K","-0.24%"
"Sep 14, 2010","1,269.70","1,253.80","1,272.40","1,253.40","0.09K","1.98%"
"Sep 13, 2010","1,245.10","1,242.60","1,247.00","1,242.60","0.02K","0.05%"
"Sep 10, 2010","1,244.50","1,239.00","1,249.60","1,239.00","0.02K","-0.35%"
"Sep 09, 2010","1,248.90","1,253.90","1,256.40","1,244.10","0.01K","-0.53%"
"Sep 08, 2010","1,255.60","1,260.20","1,260.20","1,254.70","0.03K","-0.14%"
"Sep 07, 2010","1,257.30","1,256.10","1,258.00","1,248.90","0.01K","0.65%"
"Sep 03, 2010","1,249.20","1,240.00","1,247.40","1,240.00","0.00K","-0.18%"
"Sep 02, 2010","1,251.50","1,247.10","1,252.50","1,246.90","0.10K","0.42%"
"Sep 01, 2010","1,246.30","1,252.30","1,254.30","1,243.60","0.04K","-0.16%"
"Aug 31, 2010","1,248.30","1,237.10","1,249.40","1,233.00","0.12K","0.91%"
"Aug 30, 2010","1,237.10","1,237.10","1,237.90","1,234.00","0.13K","0.09%"
"Aug 27, 2010","1,236.00","1,235.70","1,241.90","1,234.80","0.03K","0.05%"
"Aug 26, 2010","1,235.40","1,240.90","1,243.30","1,235.00","0.10K","-0.33%"
"Aug 25, 2010","1,239.50","1,230.70","1,240.70","1,230.70","0.30K","0.63%"
"Aug 24, 2010","1,231.80","1,223.00","1,234.00","1,211.50","0.30K","0.40%"
"Aug 23, 2010","1,226.90","1,228.90","1,228.90","1,222.90","0.06K","-0.02%"
"Aug 20, 2010","1,227.20","1,232.50","1,232.80","1,223.00","0.24K","-0.53%"
"Aug 19, 2010","1,233.80","1,229.60","1,237.60","1,228.80","0.05K","0.33%"
"Aug 18, 2010","1,229.70","1,226.00","1,231.60","1,218.00","0.17K","0.25%"
"Aug 17, 2010","1,226.60","1,227.40","1,227.40","1,224.00","0.08K","0.17%"
"Aug 16, 2010","1,224.50","1,218.00","1,225.40","1,218.00","0.25K","0.79%"
"Aug 13, 2010","1,214.90","1,212.80","1,216.00","1,212.50","0.14K","0.01%"
"Aug 12, 2010","1,214.80","1,200.50","1,215.50","1,199.00","0.29K","1.44%"
"Aug 11, 2010","1,197.50","1,202.80","1,208.00","1,193.00","0.35K","0.11%"
"Aug 10, 2010","1,196.20","1,200.50","1,206.50","1,191.00","0.71K","-0.37%"
"Aug 09, 2010","1,200.70","1,205.80","1,209.60","1,199.80","0.66K","-0.22%"
"Aug 06, 2010","1,203.40","1,195.40","1,211.00","1,195.30","0.35K","0.52%"
"Aug 05, 2010","1,197.20","1,194.30","1,199.50","1,190.00","0.21K","0.29%"
"Aug 04, 2010","1,193.70","1,186.30","1,203.00","1,186.30","1.07K","0.72%"
"Aug 03, 2010","1,185.20","1,183.80","1,190.50","1,180.00","0.60K","0.15%"
"Aug 02, 2010","1,183.40","1,181.80","1,191.80","1,174.70","2.50K","0.14%"
"Jul 30, 2010","1,181.70","1,168.20","1,183.10","1,165.80","5.47K","1.14%"
"Jul 29, 2010","1,168.40","1,163.80","1,169.20","1,158.70","54.38K","0.69%"
"Jul 28, 2010","1,160.40","1,159.80","1,159.80","1,159.80","0.00K","0.21%"
"Jul 27, 2010","1,158.00","1,174.00","1,174.20","1,162.70","0.03K","-2.11%"
"Jul 26, 2010","1,183.00","1,192.60","1,192.60","1,182.20","0.04K","-0.40%"
"Jul 23, 2010","1,187.70","1,193.70","1,198.60","1,188.00","0.03K","-0.65%"
"Jul 22, 2010","1,195.50","1,194.40","1,196.00","1,194.40","0.08K","0.33%"
"Jul 21, 2010","1,191.60","1,190.70","1,194.50","1,184.10","0.02K","0.01%"
"Jul 20, 2010","1,191.50","1,183.20","1,191.60","1,181.50","0.01K","0.83%"
"Jul 19, 2010","1,181.70","1,182.20","1,182.20","1,180.00","0.00K","-0.53%"
"Jul 16, 2010","1,188.00","1,200.90","1,201.00","1,186.70","0.05K","-1.66%"
"Jul 15, 2010","1,208.10","1,213.20","1,213.20","1,208.40","0.03K","0.11%"
"Jul 14, 2010","1,206.80","1,212.00","1,213.80","1,202.40","0.05K","-0.54%"
"Jul 13, 2010","1,213.30","1,205.20","1,217.40","1,205.20","0.05K","1.23%"
"Jul 12, 2010","1,198.50","1,206.20","1,206.20","1,204.00","0.05K","-0.92%"
"Jul 09, 2010","1,209.60","1,199.20","1,213.00","1,195.00","0.02K","1.15%"
"Jul 08, 2010","1,195.80","1,203.30","1,203.30","1,189.30","0.09K","-0.23%"
"Jul 07, 2010","1,198.60","1,185.80","1,198.70","1,185.30","0.02K","0.32%"
"Jul 06, 2010","1,194.80","1,207.30","1,211.80","1,190.50","0.05K","-1.04%"
"Jul 02, 2010","1,207.40","1,201.40","1,211.60","1,200.80","0.17K","0.09%"
"Jul 01, 2010","1,206.30","1,241.70","1,242.40","1,204.20","0.05K","-3.15%"
"Jun 30, 2010","1,245.50","1,244.20","1,246.20","1,236.70","0.07K","0.28%"
"Jun 29, 2010","1,242.00","1,239.40","1,245.00","1,228.50","0.42K","0.31%"
"Jun 28, 2010","1,238.20","1,254.50","1,262.00","1,238.00","0.05K","-1.40%"
"Jun 25, 2010","1,255.80","1,246.70","1,256.90","1,243.70","0.16K","0.83%"
"Jun 24, 2010","1,245.50","1,236.40","1,248.10","1,230.70","0.25K","0.92%"
"Jun 23, 2010","1,234.10","1,240.20","1,245.10","1,226.90","0.10K","-0.47%"
"Jun 22, 2010","1,239.90","1,239.50","1,242.80","1,232.10","0.17K","0.02%"
"Jun 21, 2010","1,239.70","1,257.40","1,264.80","1,232.00","0.22K","-1.39%"
"Jun 18, 2010","1,257.20","1,247.70","1,261.50","1,242.90","0.13K","0.78%"
"Jun 17, 2010","1,247.50","1,233.90","1,251.10","1,233.90","0.27K","1.48%"
"Jun 16, 2010","1,229.30","1,232.00","1,237.60","1,228.50","0.32K","-0.32%"
"Jun 15, 2010","1,233.20","1,222.60","1,236.00","1,222.40","0.25K","0.81%"
"Jun 14, 2010","1,223.30","1,230.20","1,232.70","1,217.70","0.99K","-0.46%"
"Jun 11, 2010","1,228.90","1,219.50","1,229.60","1,218.00","0.48K","0.66%"
"Jun 10, 2010","1,220.80","1,232.80","1,233.50","1,215.10","0.49K","-0.63%"
"Jun 09, 2010","1,228.50","1,237.00","1,238.20","1,222.00","0.45K","-1.25%"
"Jun 08, 2010","1,244.00","1,241.50","1,252.10","1,234.10","0.76K","0.38%"
"Jun 07, 2010","1,239.30","1,220.40","1,244.70","1,211.00","0.86K","1.90%"
"Jun 04, 2010","1,216.20","1,207.60","1,220.40","1,196.90","1.07K","0.65%"
"Jun 03, 2010","1,208.30","1,223.70","1,224.20","1,201.00","1.55K","-1.01%"
"Jun 02, 2010","1,220.60","1,224.90","1,226.20","1,213.00","2.80K","-0.34%"
"Jun 01, 2010","1,224.80","1,217.00","1,228.20","1,209.30","4.55K","1.04%"
"May 28, 2010","1,212.20","1,210.40","1,214.80","1,201.10","12.90K","0.02%"
"May 27, 2010","1,211.90","1,211.70","1,218.50","1,205.40","109.43K","-0.12%"
"May 26, 2010","1,213.30","1,213.30","1,213.30","1,213.30","0.00K","1.29%"
"May 25, 2010","1,197.80","1,195.60","1,200.00","1,192.10","0.01K","0.34%"
"May 24, 2010","1,193.80","1,184.00","1,191.80","1,184.00","0.01K","1.54%"
"May 21, 2010","1,175.70","1,182.40","1,182.40","1,177.00","0.18K","-1.02%"
"May 20, 2010","1,187.80","1,179.50","1,191.80","1,179.40","0.30K","-0.40%"
"May 19, 2010","1,192.60","1,224.10","1,226.80","1,191.20","0.08K","-1.79%"
"May 18, 2010","1,214.30","1,214.10","1,216.80","1,208.20","0.07K","-1.09%"
"May 17, 2010","1,227.70","1,233.30","1,235.90","1,225.20","0.05K","0.02%"
"May 14, 2010","1,227.40","1,236.20","1,246.20","1,217.50","0.10K","-0.11%"
"May 13, 2010","1,228.80","1,235.30","1,240.00","1,228.70","0.04K","-1.12%"
"May 12, 2010","1,242.70","1,230.60","1,246.50","1,227.10","0.21K","1.87%"
"May 11, 2010","1,219.90","1,204.20","1,233.50","1,201.50","0.20K","1.62%"
"May 10, 2010","1,200.40","1,202.00","1,203.80","1,189.20","0.12K","-0.79%"
"May 07, 2010","1,210.00","1,205.00","1,210.80","1,194.60","0.11K","1.09%"
"May 06, 2010","1,196.90","1,175.90","1,210.60","1,175.90","0.08K","1.90%"
"May 05, 2010","1,174.60","1,167.50","1,177.20","1,159.20","0.10K","0.51%"
"May 04, 2010","1,168.60","1,181.00","1,191.80","1,168.30","0.09K","-1.19%"
"May 03, 2010","1,182.70","1,178.60","1,187.50","1,177.30","0.09K","0.22%"
"Apr 30, 2010","1,180.10","1,170.00","1,181.30","1,170.00","0.15K","1.00%"
"Apr 29, 2010","1,168.40","1,166.80","1,171.20","1,164.00","0.17K","-0.25%"
"Apr 28, 2010","1,171.30","1,166.20","1,173.90","1,161.10","0.11K","0.83%"
"Apr 27, 2010","1,161.70","1,152.80","1,170.70","1,148.60","0.21K","0.71%"
"Apr 26, 2010","1,153.50","1,160.10","1,160.10","1,151.40","0.11K","0.03%"
"Apr 23, 2010","1,153.10","1,139.50","1,154.60","1,139.10","0.04K","0.95%"
"Apr 22, 2010","1,142.30","1,144.00","1,144.00","1,133.60","0.21K","-0.51%"
"Apr 21, 2010","1,148.20","1,142.60","1,150.00","1,138.40","0.07K","0.84%"
"Apr 20, 2010","1,138.60","1,136.40","1,145.80","1,136.00","0.08K","0.30%"
"Apr 19, 2010","1,135.20","1,133.90","1,137.10","1,124.00","0.15K","-0.10%"
"Apr 16, 2010","1,136.30","1,159.60","1,160.00","1,130.40","0.48K","-2.02%"
"Apr 15, 2010","1,159.70","1,157.50","1,159.80","1,151.00","0.18K","0.06%"
"Apr 14, 2010","1,159.00","1,151.20","1,160.60","1,151.20","0.16K","0.54%"
"Apr 13, 2010","1,152.80","1,155.50","1,157.00","1,145.00","0.28K","-0.76%"
"Apr 12, 2010","1,161.60","1,168.50","1,169.00","1,154.60","0.48K","0.04%"
"Apr 09, 2010","1,161.10","1,150.70","1,164.80","1,150.50","0.51K","0.77%"
"Apr 08, 2010","1,152.20","1,146.40","1,152.30","1,144.00","0.25K","-0.01%"
"Apr 07, 2010","1,152.30","1,135.80","1,153.00","1,132.60","1.34K","1.52%"
"Apr 06, 2010","1,135.10","1,130.80","1,138.50","1,122.70","2.49K","0.19%"
"Apr 05, 2010","1,132.90","1,122.30","1,133.30","1,119.90","0.57K","0.69%"
"Apr 01, 2010","1,125.10","1,112.90","1,127.70","1,111.30","0.57K","1.06%"
"Mar 31, 2010","1,113.30","1,103.10","1,118.70","1,102.00","5.95K","0.80%"
"Mar 30, 2010","1,104.50","1,109.70","1,112.90","1,101.10","56.53K","-0.52%"
"Mar 29, 2010","1,110.30","1,110.70","1,110.70","1,109.40","0.02K","0.55%"
"Mar 26, 2010","1,104.20","1,098.40","1,098.40","1,092.30","0.01K","1.05%"
"Mar 25, 2010","1,092.70","1,092.40","1,092.40","1,085.50","0.01K","0.38%"
"Mar 24, 2010","1,088.60","1,092.40","1,092.40","1,085.50","0.01K","-1.35%"
"Mar 23, 2010","1,103.50","1,094.80","1,104.70","1,094.80","0.02K","0.38%"
"Mar 22, 2010","1,099.30","1,102.10","1,102.40","1,094.80","0.07K","-0.73%"
"Mar 19, 2010","1,107.40","1,124.20","1,124.20","1,104.20","0.05K","-1.77%"
"Mar 18, 2010","1,127.40","1,121.10","1,127.80","1,121.10","0.09K","0.30%"
"Mar 17, 2010","1,124.00","1,127.80","1,131.40","1,118.00","0.03K","0.16%"
"Mar 16, 2010","1,122.20","1,114.50","1,127.00","1,114.50","0.07K","1.55%"
"Mar 15, 2010","1,105.10","1,104.20","1,107.10","1,101.40","0.02K","0.33%"
"Mar 12, 2010","1,101.50","1,117.40","1,117.40","1,099.90","0.14K","-0.59%"
"Mar 11, 2010","1,108.00","1,107.50","1,109.00","1,101.20","0.05K","0.02%"
"Mar 10, 2010","1,107.80","1,127.10","1,127.10","1,106.90","0.02K","-1.27%"
"Mar 09, 2010","1,122.00","1,123.20","1,124.00","1,113.10","0.03K","-0.14%"
"Mar 08, 2010","1,123.60","1,134.60","1,136.30","1,119.30","0.02K","-0.99%"
"Mar 05, 2010","1,134.80","1,131.30","1,139.70","1,128.00","0.13K","0.19%"
"Mar 04, 2010","1,132.60","1,134.70","1,139.00","1,128.60","0.12K","-0.88%"
"Mar 03, 2010","1,142.70","1,133.70","1,145.00","1,133.70","0.17K","0.51%"
"Mar 02, 2010","1,136.90","1,117.70","1,137.40","1,115.70","0.16K","1.71%"
"Mar 01, 2010","1,117.80","1,119.30","1,121.90","1,113.60","0.18K","-0.04%"
"Feb 26, 2010","1,118.30","1,106.80","1,118.20","1,106.80","0.38K","0.95%"
"Feb 25, 2010","1,107.80","1,100.60","1,108.20","1,088.70","0.39K","1.03%"
"Feb 24, 2010","1,096.50","1,106.20","1,106.30","1,091.90","0.18K","-0.56%"
"Feb 23, 2010","1,102.70","1,116.40","1,118.30","1,102.60","0.15K","-0.89%"
"Feb 22, 2010","1,112.60","1,123.40","1,127.40","1,110.00","0.12K","-0.78%"
"Feb 19, 2010","1,121.30","1,107.30","1,126.20","1,099.70","0.14K","0.30%"
"Feb 18, 2010","1,118.00","1,104.50","1,123.70","1,100.80","0.99K","-0.13%"
"Feb 17, 2010","1,119.50","1,116.40","1,127.00","1,108.50","1.08K","0.02%"
"Feb 16, 2010","1,119.30","1,094.80","1,120.40","1,092.40","0.93K","2.74%"
"Feb 12, 2010","1,089.50","1,089.60","1,092.00","1,079.80","0.20K","-0.43%"
"Feb 11, 2010","1,094.20","1,076.80","1,097.10","1,075.60","1.49K","1.71%"
"Feb 10, 2010","1,075.80","1,078.00","1,081.10","1,063.30","0.64K","-0.08%"
"Feb 09, 2010","1,076.70","1,063.40","1,082.00","1,063.10","0.39K","1.03%"
"Feb 08, 2010","1,065.70","1,067.50","1,073.40","1,061.60","0.55K","1.28%"
"Feb 05, 2010","1,052.20","1,068.30","1,068.50","1,045.20","1.96K","-0.96%"
"Feb 04, 2010","1,062.40","1,110.00","1,110.70","1,059.00","1.43K","-4.41%"
"Feb 03, 2010","1,111.40","1,115.80","1,124.90","1,108.60","0.85K","-0.54%"
"Feb 02, 2010","1,117.40","1,106.80","1,118.50","1,100.20","3.33K","1.19%"
"Feb 01, 2010","1,104.30","1,081.00","1,107.30","1,076.80","2.45K","1.97%"
"Jan 29, 2010","1,083.00","1,085.00","1,090.80","1,074.50","11.46K","-0.06%"
"Jan 28, 2010","1,083.60","1,087.80","1,095.70","1,073.20","101.17K","-0.07%"
"Jan 27, 2010","1,084.40","1,094.40","1,094.40","1,091.00","0.00K","-1.23%"
"Jan 26, 2010","1,097.90","1,094.70","1,094.70","1,093.00","0.00K","0.25%"
"Jan 25, 2010","1,095.20","1,100.40","1,100.40","1,095.40","0.01K","0.55%"
"Jan 22, 2010","1,089.20","1,091.40","1,095.40","1,083.00","0.06K","-1.22%"
"Jan 21, 2010","1,102.70","1,104.80","1,107.50","1,089.80","0.10K","-0.86%"
"Jan 20, 2010","1,112.30","1,133.00","1,133.00","1,109.80","0.03K","-2.40%"
"Jan 19, 2010","1,139.70","1,131.10","1,138.40","1,130.50","0.02K","0.85%"
"Jan 15, 2010","1,130.10","1,132.80","1,133.40","1,127.20","0.05K","-1.09%"
"Jan 14, 2010","1,142.60","1,137.00","1,145.90","1,132.80","0.08K","0.55%"
"Jan 13, 2010","1,136.40","1,128.10","1,136.40","1,121.00","0.06K","0.66%"
"Jan 12, 2010","1,128.90","1,155.00","1,157.20","1,127.20","0.05K","-1.89%"
"Jan 11, 2010","1,150.70","1,143.00","1,161.20","1,143.00","0.18K","1.10%"
"Jan 08, 2010","1,138.20","1,124.90","1,136.90","1,122.70","0.05K","0.45%"
"Jan 07, 2010","1,133.10","1,132.10","1,133.00","1,129.20","0.06K","-0.25%"
"Jan 06, 2010","1,135.90","1,120.70","1,139.20","1,120.70","0.36K","1.59%"
"Jan 05, 2010","1,118.10","1,122.00","1,126.50","1,115.00","0.05K","0.04%"
"Jan 04, 2010","1,117.70","1,097.10","1,122.30","1,097.10","0.18K","2.05%"